Predictor_variables/bio12.asc
ncols        717
nrows        720
xllcorner    29.500000000000
yllcorner    -1.500000000000
cellsize     0.008333333333
NODATA_value -9999
[rows 114 to 151 of 720, columns 595 to 679 of 717]
506 498 490 486 478 471 468 462 461 458 457 455 458 461 460 459 458 454 452 453 449 445 442 440 443 445 444 443 443 443 442 443 440 440 437 433 428 428 424 421 415 406 396 392 390 392 394 397 399 399 400 398 395 389 381 373 364 363 372 377 -9999 -9999 -9999 -9999 -9999 -9999 -9999 -9999 -9999 -9999 -9999 -9999 -9999 -9999 -9999 -9999 -9999 -9999 -9999 -9999 -9999 -9999 -9999 -9999 -9999
508 499 490 484 478 473 466 463 460 459 462 467 468 468 466 465 457 452 449 448 446 443 446 449 450 447 446 445 445 442 440 437 436 435 431 431 427 424 416 412 406 400 397 393 390 390 395 397 399 395 393 392 393 388 382 374 365 364 371 384 -9999 -9999 -9999 -9999 -9999 -9999 -9999 -9999 -9999 -9999 -9999 -9999 -9999 -9999 -9999 -9999 -9999 -9999 -9999 -9999 -9999 -9999 -9999 -9999 -9999
512 501 490 484 479 470 468 466 463 464 467 471 471 469 464 461 453 449 448 445 442 441 443 449 447 446 445 444 441 439 437 430 429 427 427 426 425 418 413 409 406 402 400 394 390 390 391 394 393 389 385 385 379 379 -9999 -9999 -9999 -9999 -9999 -9999 -9999 -9999 -9999 -9999 -9999 -9999 -9999 -9999 -9999 -9999 -9999 -9999 -9999 -9999 -9999 -9999 -9999 -9999 -9999 -9999 -9999 -9999 -9999 -9999 -9999
510 503 492 486 481 473 468 466 461 465 464 460 459 458 454 452 446 443 439 440 438 442 442 448 450 449 449 445 443 438 439 433 432 430 429 427 425 418 417 414 411 406 401 394 392 391 392 389 385 383 388 390 374 372 -9999 -9999 -9999 -9999 -9999 -9999 -9999 -9999 -9999 -9999 -9999 -9999 -9999 -9999 -9999 -9999 -9999 -9999 -9999 -9999 -9999 -9999 -9999 -9999 -9999 -9999 -9999 -9999 -9999 -9999 -9999
513 504 493 487 480 475 470 468 466 464 461 457 456 457 454 453 444 442 439 449 439 443 443 447 447 448 445 440 438 437 436 437 434 431 429 425 422 422 419 417 414 408 405 394 389 389 390 388 382 380 386 397 371 371 -9999 -9999 -9999 -9999 -9999 -9999 -9999 -9999 -9999 -9999 -9999 -9999 -9999 -9999 -9999 -9999 -9999 -9999 -9999 -9999 -9999 -9999 -9999 -9999 -9999 -9999 -9999 -9999 -9999 -9999 -9999
522 502 497 490 482 475 473 469 468 463 462 459 457 458 456 453 446 444 444 445 443 440 443 443 444 443 439 435 436 432 434 433 431 430 429 429 423 423 421 420 416 412 408 397 391 387 388 386 383 383 383 397 371 369 -9999 -9999 -9999 -9999 -9999 -9999 -9999 -9999 -9999 -9999 -9999 -9999 -9999 -9999 -9999 -9999 -9999 -9999 -9999 -9999 -9999 -9999 -9999 -9999 -9999 -9999 -9999 -9999 -9999 -9999 -9999
523 504 498 492 484 479 474 471 468 464 462 460 458 457 451 449 447 448 457 440 443 442 439 440 440 440 437 435 433 434 434 433 432 431 428 427 424 423 423 421 417 415 410 400 392 388 388 384 384 383 382 399 372 369 -9999 -9999 -9999 -9999 -9999 -9999 -9999 -9999 -9999 -9999 -9999 -9999 -9999 -9999 -9999 -9999 -9999 -9999 -9999 -9999 -9999 -9999 -9999 -9999 -9999 -9999 -9999 -9999 -9999 -9999 -9999
515 498 494 490 485 482 482 474 471 464 461 458 456 456 452 451 449 457 466 441 444 449 436 437 434 434 431 430 433 433 430 433 430 429 432 429 426 424 422 423 419 417 409 402 395 391 390 388 393 379 379 397 371 370 -9999 -9999 -9999 -9999 -9999 -9999 -9999 -9999 -9999 -9999 -9999 -9999 -9999 -9999 -9999 -9999 -9999 -9999 -9999 -9999 -9999 -9999 -9999 -9999 -9999 -9999 -9999 -9999 -9999 -9999 -9999
504 498 496 490 485 484 478 475 471 462 459 456 455 461 454 455 452 462 478 445 441 445 446 447 437 429 426 428 433 431 433 433 432 430 431 430 429 427 426 420 419 414 406 400 394 393 391 388 393 388 386 383 373 373 -9999 -9999 -9999 -9999 -9999 -9999 -9999 -9999 -9999 -9999 -9999 -9999 -9999 -9999 -9999 -9999 -9999 -9999 -9999 -9999 -9999 -9999 -9999 -9999 -9999 -9999 -9999 -9999 -9999 -9999 -9999
513 499 498 497 490 487 482 477 472 466 465 461 455 453 448 454 460 474 478 452 437 438 442 448 453 430 426 430 428 430 428 432 431 429 428 429 430 427 424 422 418 407 400 395 388 388 395 392 397 393 386 384 373 375 -9999 -9999 -9999 -9999 -9999 -9999 -9999 -9999 -9999 -9999 -9999 -9999 -9999 -9999 -9999 -9999 -9999 -9999 -9999 -9999 -9999 -9999 -9999 -9999 -9999 -9999 -9999 -9999 -9999 -9999 -9999
510 501 508 498 487 488 483 476 476 468 468 462 456 450 449 468 477 479 480 471 456 452 448 473 462 433 425 423 427 430 429 431 432 429 428 430 427 426 425 421 413 403 395 390 386 389 393 392 400 405 394 383 373 374 -9999 -9999 -9999 -9999 -9999 -9999 -9999 -9999 -9999 -9999 -9999 -9999 -9999 -9999 -9999 -9999 -9999 -9999 -9999 -9999 -9999 -9999 -9999 -9999 -9999 -9999 -9999 -9999 -9999 -9999 -9999
506 503 501 495 488 487 483 477 478 469 465 463 458 454 452 465 485 487 488 495 509 500 495 490 468 441 429 425 424 427 426 427 426 423 427 429 427 426 419 417 408 396 387 386 384 387 392 395 410 408 398 376 374 374 -9999 -9999 -9999 -9999 -9999 -9999 -9999 -9999 -9999 -9999 -9999 -9999 -9999 -9999 -9999 -9999 -9999 -9999 -9999 -9999 -9999 -9999 -9999 -9999 -9999 -9999 -9999 -9999 -9999 -9999 -9999
508 503 499 494 492 486 483 478 477 470 469 467 461 461 453 454 465 486 485 489 512 497 505 495 466 452 440 426 422 425 424 425 426 423 425 427 425 423 418 413 403 392 386 384 386 386 388 400 418 401 381 376 376 374 -9999 -9999 -9999 -9999 -9999 -9999 -9999 -9999 -9999 -9999 -9999 -9999 -9999 -9999 -9999 -9999 -9999 -9999 -9999 -9999 -9999 -9999 -9999 -9999 -9999 -9999 -9999 -9999 -9999 -9999 -9999
512 506 500 496 493 486 486 480 479 471 469 466 462 464 457 454 458 463 474 479 482 481 478 487 488 466 445 430 424 423 423 423 422 421 422 424 425 422 415 413 403 392 386 387 386 387 382 385 400 401 382 378 378 374 -9999 -9999 -9999 -9999 -9999 -9999 -9999 -9999 -9999 -9999 -9999 -9999 -9999 -9999 -9999 -9999 -9999 -9999 -9999 -9999 -9999 -9999 -9999 -9999 -9999 -9999 -9999 -9999 -9999 -9999 -9999
516 510 503 499 494 488 483 480 482 482 475 466 466 458 458 456 458 462 465 466 463 478 469 483 491 467 455 434 420 417 418 416 417 420 416 417 417 417 413 411 401 392 390 392 391 393 388 386 382 383 377 382 379 373 -9999 -9999 -9999 -9999 -9999 -9999 -9999 -9999 -9999 -9999 -9999 -9999 -9999 -9999 -9999 -9999 -9999 -9999 -9999 -9999 -9999 -9999 -9999 -9999 -9999 -9999 -9999 -9999 -9999 -9999 -9999
514 509 500 497 495 488 485 484 478 481 474 467 469 463 462 459 462 463 463 457 467 488 480 466 471 461 448 427 420 418 418 416 416 414 417 409 410 413 409 405 397 392 392 395 391 395 395 395 387 389 396 398 377 372 -9999 -9999 -9999 -9999 -9999 -9999 -9999 -9999 -9999 -9999 -9999 -9999 -9999 -9999 -9999 -9999 -9999 -9999 -9999 -9999 -9999 -9999 -9999 -9999 -9999 -9999 -9999 -9999 -9999 -9999 -9999
515 510 500 498 493 491 492 481 476 475 469 471 471 468 470 465 464 462 462 458 464 475 472 456 458 446 432 426 422 425 419 416 418 417 414 412 408 409 404 400 394 395 397 397 392 391 395 392 391 387 403 418 382 372 -9999 -9999 -9999 -9999 -9999 -9999 -9999 -9999 -9999 -9999 -9999 -9999 -9999 -9999 -9999 -9999 -9999 -9999 -9999 -9999 -9999 -9999 -9999 -9999 -9999 -9999 -9999 -9999 -9999 -9999 -9999
518 512 507 499 495 495 494 487 478 476 473 473 473 469 470 463 464 463 462 461 470 475 483 448 441 438 436 430 424 425 425 419 419 420 411 411 405 405 400 398 398 399 395 393 393 390 392 390 389 388 388 424 404 374 370 378 390 415 455 420 -9999 -9999 -9999 -9999 -9999 -9999 -9999 -9999 -9999 -9999 -9999 -9999 -9999 -9999 -9999 -9999 -9999 -9999 -9999 -9999 -9999 -9999 -9999 -9999 -9999
520 517 511 506 499 495 496 493 478 474 473 475 477 470 465 464 466 462 460 462 479 483 489 445 429 431 428 429 428 425 427 427 421 420 413 409 406 404 399 398 399 400 399 394 395 392 392 391 388 390 397 419 441 388 371 372 394 423 448 420 -9999 -9999 -9999 -9999 -9999 -9999 -9999 -9999 -9999 -9999 -9999 -9999 -9999 -9999 -9999 -9999 -9999 -9999 -9999 -9999 -9999 -9999 -9999 -9999 -9999
526 520 515 511 504 496 497 494 480 477 478 476 473 468 467 465 466 464 458 459 465 477 476 442 431 430 426 424 425 427 428 425 421 418 414 410 406 401 398 398 397 399 407 403 396 392 389 389 389 390 409 423 448 397 372 377 400 417 438 434 -9999 -9999 -9999 -9999 -9999 -9999 -9999 -9999 -9999 -9999 -9999 -9999 -9999 -9999 -9999 -9999 -9999 -9999 -9999 -9999 -9999 -9999 -9999 -9999 -9999
525 521 520 516 510 501 497 496 485 482 482 482 477 473 473 467 467 463 459 456 459 458 469 452 438 435 430 428 427 427 425 425 422 418 417 412 406 400 397 393 394 399 405 408 398 395 391 390 390 396 416 423 413 379 383 375 398 414 442 411 -9999 -9999 -9999 -9999 -9999 -9999 -9999 -9999 -9999 -9999 -9999 -9999 -9999 -9999 -9999 -9999 -9999 -9999 -9999 -9999 -9999 -9999 -9999 -9999 -9999
523 519 515 514 509 503 496 495 485 482 483 483 479 480 477 474 469 466 461 456 458 456 462 458 440 435 429 436 430 428 427 426 429 425 423 417 408 400 399 398 402 398 401 407 400 396 393 389 386 402 408 403 397 386 391 374 387 417 446 434 -9999 -9999 -9999 -9999 -9999 -9999 -9999 -9999 -9999 -9999 -9999 -9999 -9999 -9999 -9999 -9999 -9999 -9999 -9999 -9999 -9999 -9999 -9999 -9999 -9999
529 529 515 509 503 501 497 490 487 485 485 484 482 479 478 472 467 465 461 457 458 452 451 457 442 438 439 440 432 431 433 434 433 431 430 425 412 401 400 399 403 398 401 403 402 395 395 392 391 404 408 408 394 395 411 380 385 412 441 450 -9999 -9999 -9999 -9999 -9999 -9999 -9999 -9999 -9999 -9999 -9999 -9999 -9999 -9999 -9999 -9999 -9999 -9999 -9999 -9999 -9999 -9999 -9999 -9999 -9999
537 534 518 508 505 501 496 494 489 486 486 482 481 480 475 473 466 463 460 457 457 453 453 448 439 438 435 436 433 430 431 431 432 430 429 424 413 402 400 403 402 400 402 404 403 398 401 395 393 402 403 398 388 391 409 386 385 416 455 466 -9999 -9999 -9999 -9999 -9999 -9999 -9999 -9999 -9999 -9999 -9999 -9999 -9999 -9999 -9999 -9999 -9999 -9999 -9999 -9999 -9999 -9999 -9999 -9999 -9999
527 524 513 508 505 500 497 495 490 484 484 480 482 481 476 471 466 463 458 454 461 453 447 446 446 441 440 431 429 432 430 433 431 430 426 425 413 404 401 403 406 404 408 404 403 403 405 400 395 397 402 414 404 400 405 415 383 418 450 474 -9999 -9999 -9999 -9999 -9999 -9999 -9999 -9999 -9999 -9999 -9999 -9999 -9999 -9999 -9999 -9999 -9999 -9999 -9999 -9999 -9999 -9999 -9999 -9999 -9999
526 521 516 512 507 503 498 496 490 486 484 481 481 479 476 470 464 465 458 455 455 451 448 447 444 442 440 434 433 433 435 433 432 431 430 423 412 407 407 407 407 405 406 403 402 403 404 402 396 396 417 415 425 424 414 424 384 417 442 474 467 395 390 425 431 -9999 -9999 -9999 -9999 -9999 -9999 -9999 -9999 -9999 -9999 -9999 -9999 -9999 -9999 -9999 -9999 -9999 -9999 -9999 -9999
532 527 518 511 509 508 501 495 490 488 488 484 483 476 475 471 465 462 458 456 461 452 450 446 445 440 440 435 436 431 429 429 422 426 423 419 410 407 409 408 407 405 403 398 401 400 399 398 399 397 407 430 437 438 424 431 398 402 432 473 476 413 408 437 450 -9999 -9999 -9999 -9999 -9999 -9999 -9999 -9999 -9999 -9999 -9999 -9999 -9999 -9999 -9999 -9999 -9999 -9999 -9999 -9999
537 533 520 510 506 507 503 498 493 492 491 487 483 481 476 474 470 464 462 454 459 452 451 450 448 445 439 439 442 436 430 427 422 420 416 411 407 406 409 408 408 401 401 401 399 398 398 403 401 414 409 432 444 450 444 425 429 401 429 486 506 469 430 485 417 -9999 -9999 -9999 -9999 -9999 -9999 -9999 -9999 -9999 -9999 -9999 -9999 -9999 -9999 -9999 -9999 -9999 -9999 -9999 -9999
540 536 523 515 510 509 507 501 498 493 489 485 484 480 476 474 473 468 462 458 458 454 453 450 448 445 443 439 443 433 433 427 420 419 416 418 414 406 406 407 407 406 403 402 407 400 400 413 418 431 409 439 468 449 451 437 434 399 423 482 518 528 481 493 406 -9999 -9999 -9999 -9999 -9999 -9999 -9999 -9999 -9999 -9999 -9999 -9999 -9999 -9999 -9999 -9999 -9999 -9999 -9999 -9999
541 533 521 516 514 508 507 501 496 491 487 483 482 480 477 478 480 470 463 460 461 460 453 450 448 445 442 439 437 432 428 430 426 427 416 418 417 414 410 409 405 405 407 408 425 406 406 411 420 444 424 458 490 485 496 474 436 420 413 454 510 538 521 479 420 -9999 -9999 -9999 -9999 -9999 -9999 -9999 -9999 -9999 -9999 -9999 -9999 -9999 -9999 -9999 -9999 -9999 -9999 -9999 -9999
542 531 524 520 514 511 506 503 497 493 487 486 485 482 482 482 482 473 468 466 464 464 457 452 446 443 440 444 438 437 434 431 427 426 419 427 435 417 415 411 411 407 409 417 450 442 447 424 428 435 442 454 494 496 514 513 464 442 417 448 487 514 532 493 457 -9999 -9999 -9999 -9999 -9999 -9999 -9999 -9999 -9999 -9999 -9999 -9999 -9999 -9999 -9999 -9999 -9999 -9999 -9999 -9999
549 533 528 519 518 514 508 504 499 494 490 487 485 483 483 485 483 475 469 467 463 469 461 456 451 447 440 439 436 435 437 432 426 423 417 431 439 428 424 422 418 419 421 434 451 468 484 470 474 466 466 460 479 505 523 542 495 445 422 461 487 509 533 495 432 -9999 -9999 -9999 -9999 -9999 -9999 -9999 -9999 -9999 -9999 -9999 -9999 -9999 -9999 -9999 -9999 -9999 -9999 -9999 -9999
557 540 532 524 519 513 509 504 501 495 491 490 487 485 489 486 483 474 471 468 466 464 458 455 452 446 442 441 436 431 428 429 430 426 414 415 425 438 444 436 437 437 442 440 453 480 506 525 532 537 497 498 485 510 530 556 510 458 435 462 491 514 529 481 401 -9999 -9999 -9999 -9999 -9999 -9999 -9999 -9999 -9999 -9999 -9999 -9999 -9999 -9999 -9999 -9999 -9999 -9999 -9999 -9999
559 546 537 525 519 516 510 506 501 500 493 493 490 487 485 479 479 478 475 471 469 461 456 456 452 447 441 438 442 433 426 423 420 419 418 419 418 429 450 454 457 456 440 452 468 492 525 557 571 607 558 537 521 515 554 568 531 476 473 444 480 501 532 486 401 -9999 -9999 -9999 -9999 -9999 -9999 -9999 -9999 -9999 -9999 -9999 -9999 -9999 -9999 -9999 -9999 -9999 -9999 -9999 -9999
553 545 539 533 521 518 511 508 504 500 500 494 491 485 480 476 478 480 473 468 467 466 463 461 457 450 447 443 438 439 433 422 423 434 418 431 444 437 437 464 455 446 443 454 479 492 536 569 579 596 589 565 541 550 572 585 569 514 500 457 500 513 538 510 427 -9999 -9999 -9999 -9999 -9999 -9999 -9999 -9999 -9999 -9999 -9999 -9999 -9999 -9999 -9999 -9999 -9999 -9999 -9999 -9999
556 548 540 533 525 520 513 511 510 505 500 494 491 484 479 478 479 481 476 472 467 462 461 461 456 453 448 442 438 433 432 425 427 437 431 427 448 444 439 468 488 465 460 466 477 499 524 536 566 558 571 569 545 547 548 548 597 566 519 475 520 534 544 550 499 424 408 378 -9999 -9999 -9999 -9999 -9999 -9999 -9999 -9999 -9999 -9999 -9999 -9999 -9999 -9999 -9999 -9999 -9999
557 552 548 540 532 524 520 516 512 505 499 496 493 488 486 484 483 482 477 477 471 465 461 459 453 448 441 437 433 433 440 431 430 438 431 424 428 430 435 454 482 478 467 479 486 498 515 523 545 552 561 579 564 517 516 511 547 546 535 478 508 541 554 571 539 438 425 404 -9999 -9999 -9999 -9999 -9999 -9999 -9999 -9999 -9999 -9999 -9999 -9999 -9999 -9999 -9999 -9999 -9999
562 563 558 544 533 525 522 517 511 507 501 499 496 492 491 488 488 484 482 477 469 466 464 460 453 448 443 435 434 435 448 434 439 436 432 432 446 429 431 445 466 482 477 481 476 484 503 521 530 543 561 589 567 500 501 492 498 524 542 508 529 560 561 570 545 444 428 446 377 365 -9999 -9999 -9999 -9999 -9999 -9999 -9999 -9999 -9999 -9999 -9999 -9999 -9999 -9999 -9999
