Predictor_variables/bio12.asc
ncols        717
nrows        720
xllcorner    29.500000000000
yllcorner    -1.500000000000
cellsize     0.008333333333
NODATA_value -9999
[rows 190 to 227 of 720, columns 255 to 339 of 717]
1238 1246 1254 1252 1242 1243 1251 1245 1248 1253 1260 1269 1279 1276 1270 1268 1272 1272 1268 1272 1272 1276 1275 1277 1274 1273 1276 1275 1278 1280 1285 1287 1285 1288 1288 1289 1291 1291 1299 1301 1305 1309 1308 1310 1307 1310 1315 1318 1320 1322 1324 1331 1333 1339 1340 1342 1332 1335 1330 1331 1330 1330 1330 1335 1337 1336 1330 1331 1335 1341 1333 1331 1329 1334 1338 1338 1343 1343 1342 1346 1348 1352 1349 1344 1350
1241 1249 1249 1243 1240 1234 1243 1251 1244 1251 1257 1261 1269 1273 1272 1269 1271 1269 1270 1272 1271 1272 1273 1271 1274 1269 1273 1275 1279 1278 1280 1284 1285 1285 1292 1298 1292 1293 1302 1305 1307 1303 1304 1308 1307 1308 1311 1319 1320 1322 1326 1329 1333 1335 1338 1337 1342 1332 1331 1329 1331 1335 1337 1342 1341 1341 1336 1336 1336 1345 1344 1337 1334 1335 1341 1349 1343 1346 1344 1347 1351 1347 1354 1352 1350
1237 1241 1242 1239 1233 1233 1238 1252 1250 1247 1254 1259 1261 1269 1265 1271 1276 1276 1268 1271 1269 1265 1268 1267 1266 1268 1274 1274 1275 1277 1281 1281 1288 1288 1292 1298 1297 1301 1306 1306 1310 1309 1305 1303 1307 1309 1312 1316 1320 1324 1327 1332 1335 1337 1337 1338 1341 1333 1330 1339 1340 1339 1340 1347 1345 1341 1342 1344 1338 1347 1342 1341 1339 1341 1344 1349 1350 1356 1351 1355 1353 1346 1351 1361 1355
1232 1233 1232 1233 1230 1228 1232 1240 1250 1253 1253 1259 1258 1261 1261 1264 1267 1271 1269 1260 1266 1264 1269 1270 1270 1274 1276 1277 1278 1279 1285 1286 1290 1294 1297 1302 1301 1303 1310 1308 1309 1312 1307 1311 1308 1310 1312 1316 1321 1325 1326 1329 1331 1331 1334 1339 1341 1332 1335 1342 1344 1344 1343 1346 1347 1347 1351 1349 1344 1346 1349 1342 1344 1342 1343 1345 1349 1356 1356 1356 1349 1354 1355 1353 1360
1223 1223 1222 1226 1224 1232 1233 1237 1244 1251 1256 1258 1257 1257 1260 1260 1264 1267 1264 1263 1262 1262 1265 1270 1269 1273 1274 1273 1279 1282 1281 1289 1291 1295 1297 1300 1305 1304 1305 1309 1306 1309 1307 1308 1309 1309 1310 1316 1318 1327 1325 1327 1330 1333 1338 1339 1345 1341 1340 1343 1347 1351 1348 1351 1352 1350 1350 1347 1346 1345 1352 1350 1344 1344 1341 1340 1346 1348 1356 1358 1354 1355 1350 1358 1360
1217 1212 1217 1220 1221 1227 1240 1242 1247 1251 1250 1252 1251 1252 1253 1254 1255 1260 1258 1263 1259 1264 1267 1267 1272 1271 1267 1272 1274 1277 1280 1280 1288 1295 1296 1299 1306 1305 1307 1309 1304 1305 1307 1305 1306 1307 1310 1315 1317 1324 1325 1323 1325 1330 1335 1339 1339 1342 1339 1344 1348 1351 1351 1356 1355 1352 1348 1352 1347 1347 1350 1353 1346 1346 1342 1346 1346 1349 1356 1363 1359 1358 1356 1360 1366
1207 1208 1217 1213 1218 1222 1232 1241 1248 1249 1246 1246 1251 1246 1248 1252 1251 1254 1260 1255 1260 1263 1265 1270 1270 1274 1271 1270 1270 1273 1275 1281 1287 1292 1293 1298 1303 1305 1308 1304 1305 1305 1304 1302 1304 1310 1310 1317 1316 1322 1327 1326 1325 1333 1337 1339 1343 1343 1345 1347 1349 1351 1352 1352 1352 1352 1352 1352 1347 1353 1348 1354 1349 1347 1345 1342 1346 1352 1363 1362 1362 1364 1361 1368 1370
1196 1209 1208 1213 1219 1222 1229 1234 1238 1242 1242 1247 1251 1249 1246 1248 1247 1251 1251 1256 1257 1256 1267 1264 1267 1269 1275 1277 1278 1281 1278 1284 1285 1289 1293 1295 1299 1303 1304 1305 1307 1308 1303 1307 1306 1313 1317 1319 1319 1319 1324 1323 1328 1330 1336 1341 1342 1347 1348 1349 1353 1354 1351 1349 1352 1354 1351 1350 1354 1352 1354 1357 1355 1352 1346 1344 1349 1352 1364 1368 1370 1369 1369 1373 1373
1198 1204 1202 1213 1223 1226 1232 1235 1230 1237 1238 1250 1259 1250 1246 1243 1242 1251 1253 1254 1260 1258 1264 1268 1270 1272 1275 1276 1274 1279 1287 1290 1285 1288 1290 1295 1298 1297 1299 1301 1306 1307 1305 1306 1305 1310 1313 1317 1318 1320 1327 1330 1331 1332 1335 1340 1345 1348 1350 1352 1357 1356 1356 1354 1356 1354 1352 1356 1361 1356 1355 1356 1354 1354 1349 1344 1353 1357 1364 1370 1369 1373 1373 1373 1373
1192 1194 1203 1212 1217 1219 1225 1228 1229 1236 1230 1235 1237 1242 1242 1243 1247 1246 1251 1251 1258 1255 1261 1265 1267 1269 1273 1274 1277 1281 1283 1287 1289 1293 1293 1295 1300 1298 1301 1296 1302 1301 1302 1305 1304 1310 1316 1317 1321 1319 1328 1334 1334 1336 1339 1344 1349 1347 1351 1356 1359 1360 1356 1363 1362 1360 1356 1362 1360 1360 1358 1355 1350 1350 1352 1348 1349 1360 1367 1375 1376 1370 1373 1377 1375
1185 1188 1199 1201 1207 1216 1224 1220 1224 1224 1225 1230 1234 1239 1240 1241 1244 1245 1247 1248 1250 1253 1256 1259 1263 1268 1272 1281 1280 1284 1281 1287 1290 1289 1293 1298 1302 1299 1298 1299 1300 1299 1302 1307 1306 1311 1314 1319 1319 1322 1329 1330 1332 1333 1335 1343 1345 1347 1350 1356 1359 1362 1361 1367 1370 1366 1369 1366 1365 1364 1362 1359 1358 1355 1352 1351 1352 1361 1366 1372 1374 1371 1375 1380 1379
1179 1182 1190 1193 1202 1210 1217 1219 1218 1221 1224 1226 1239 1243 1243 1241 1247 1244 1246 1249 1250 1255 1257 1258 1261 1266 1269 1278 1283 1287 1282 1290 1290 1288 1291 1296 1295 1294 1297 1295 1298 1300 1298 1303 1305 1313 1312 1315 1317 1324 1327 1328 1329 1330 1332 1338 1344 1348 1350 1353 1358 1363 1364 1368 1376 1373 1378 1371 1366 1368 1366 1365 1360 1359 1358 1351 1356 1358 1364 1372 1376 1375 1376 1382 1380
1175 1179 1187 1192 1197 1205 1206 1208 1212 1221 1221 1228 1234 1237 1244 1243 1247 1249 1250 1251 1254 1254 1260 1260 1260 1266 1270 1276 1282 1286 1287 1292 1290 1287 1286 1286 1291 1296 1296 1294 1295 1297 1295 1303 1303 1311 1312 1315 1316 1321 1326 1328 1328 1330 1333 1340 1342 1345 1351 1353 1357 1362 1365 1371 1379 1377 1374 1372 1371 1370 1363 1359 1361 1362 1359 1357 1359 1358 1368 1377 1377 1381 1378 1385 1387
1178 1187 1192 1195 1196 1197 1200 1203 1208 1212 1220 1224 1229 1233 1235 1238 1243 1247 1251 1252 1257 1255 1258 1260 1262 1264 1266 1274 1281 1279 1283 1289 1289 1281 1280 1282 1289 1292 1295 1295 1294 1294 1295 1300 1304 1310 1313 1312 1313 1320 1322 1324 1327 1336 1336 1338 1340 1343 1348 1353 1357 1362 1366 1374 1376 1374 1368 1371 1375 1373 1370 1362 1364 1362 1360 1365 1361 1366 1366 1377 1381 1380 1380 1384 1387
1179 1191 1193 1197 1197 1196 1202 1202 1212 1214 1221 1226 1230 1233 1235 1239 1241 1247 1250 1254 1257 1258 1257 1260 1266 1268 1268 1274 1277 1279 1276 1275 1279 1275 1277 1281 1286 1289 1290 1292 1296 1298 1300 1296 1301 1303 1306 1313 1314 1323 1323 1323 1327 1330 1334 1339 1340 1342 1347 1352 1359 1362 1365 1372 1372 1373 1373 1374 1378 1374 1368 1365 1368 1364 1368 1370 1369 1370 1376 1384 1386 1389 1388 1389 1389
1182 1194 1200 1200 1201 1203 1206 1206 1218 1217 1220 1228 1225 1229 1234 1240 1244 1247 1251 1253 1256 1261 1263 1263 1267 1268 1269 1273 1269 1265 1272 1275 1272 1273 1282 1286 1288 1286 1290 1291 1294 1296 1306 1321 1310 1304 1307 1307 1312 1322 1317 1321 1327 1329 1331 1334 1337 1342 1349 1350 1357 1357 1366 1370 1370 1370 1371 1372 1376 1377 1375 1371 1367 1367 1367 1372 1376 1381 1390 1397 1429 1451 1439 1410 1392
1176 1192 1198 1202 1202 1204 1208 1208 1222 1214 1221 1226 1227 1229 1231 1233 1239 1245 1251 1257 1256 1260 1266 1262 1264 1262 1267 1268 1264 1261 1266 1270 1270 1272 1275 1283 1286 1287 1287 1289 1290 1294 1300 1307 1306 1300 1302 1306 1307 1314 1315 1317 1322 1328 1331 1331 1339 1342 1345 1352 1355 1361 1365 1371 1370 1371 1372 1375 1375 1379 1376 1377 1375 1373 1375 1379 1382 1406 1444 1457 1489 1490 1440 1407 1397
1181 1185 1193 1198 1200 1211 1210 1211 1219 1222 1228 1229 1232 1231 1234 1240 1242 1246 1254 1256 1253 1256 1260 1259 1262 1260 1262 1261 1262 1262 1264 1270 1271 1269 1274 1281 1287 1287 1284 1287 1288 1291 1292 1298 1296 1300 1303 1307 1307 1314 1319 1319 1319 1322 1326 1331 1334 1343 1351 1356 1360 1359 1365 1370 1371 1370 1377 1378 1378 1381 1376 1380 1383 1380 1382 1385 1389 1399 1441 1453 1519 1530 1454 1404 1397
1178 1184 1188 1191 1197 1203 1209 1216 1213 1222 1227 1231 1233 1233 1234 1239 1246 1244 1250 1253 1250 1255 1259 1258 1254 1254 1255 1259 1262 1258 1264 1270 1273 1266 1267 1277 1284 1282 1284 1285 1286 1290 1292 1295 1292 1297 1302 1305 1305 1313 1316 1316 1320 1327 1326 1330 1335 1345 1351 1354 1360 1358 1362 1368 1368 1368 1374 1375 1378 1382 1376 1379 1379 1382 1385 1387 1392 1395 1431 1440 1510 1537 1460 1402 1397
1179 1181 1187 1190 1196 1206 1209 1218 1216 1222 1229 1232 1225 1234 1238 1238 1243 1241 1245 1250 1246 1251 1255 1251 1249 1250 1252 1255 1263 1258 1260 1266 1268 1263 1267 1273 1277 1276 1277 1283 1288 1288 1285 1289 1290 1294 1295 1302 1308 1309 1315 1315 1321 1326 1330 1331 1336 1344 1347 1353 1357 1356 1360 1367 1366 1367 1371 1374 1375 1377 1377 1381 1383 1385 1387 1391 1395 1389 1408 1415 1452 1468 1434 1405 1398
1179 1183 1181 1188 1196 1201 1209 1209 1216 1219 1227 1223 1223 1228 1227 1232 1233 1234 1239 1242 1242 1243 1247 1249 1243 1248 1248 1252 1262 1260 1262 1260 1262 1259 1259 1268 1273 1273 1275 1279 1284 1288 1285 1289 1293 1301 1304 1307 1311 1315 1315 1319 1325 1329 1333 1334 1337 1337 1345 1351 1355 1354 1360 1363 1365 1365 1370 1370 1372 1373 1376 1374 1381 1382 1385 1388 1386 1390 1386 1390 1393 1397 1395 1394 1394
1171 1176 1183 1188 1191 1195 1201 1201 1202 1208 1216 1214 1221 1219 1221 1231 1231 1229 1233 1234 1242 1243 1244 1239 1239 1246 1243 1251 1264 1262 1266 1260 1264 1261 1257 1264 1271 1273 1275 1277 1279 1283 1292 1292 1298 1306 1308 1310 1315 1317 1319 1321 1325 1327 1330 1336 1334 1341 1344 1346 1350 1350 1357 1361 1364 1362 1363 1364 1372 1376 1377 1377 1381 1382 1384 1389 1389 1389 1385 1388 1390 1392 1394 1394 1393
1167 1176 1178 1180 1182 1188 1194 1191 1194 1201 1211 1211 1209 1215 1225 1230 1227 1225 1232 1234 1240 1241 1236 1237 1238 1243 1245 1250 1258 1260 1263 1261 1255 1258 1258 1264 1269 1267 1270 1271 1279 1284 1289 1297 1305 1308 1310 1313 1314 1318 1316 1322 1318 1322 1326 1332 1332 1332 1342 1350 1347 1352 1357 1355 1356 1360 1360 1365 1372 1379 1377 1385 1385 1390 1389 1388 1386 1387 1386 1390 1391 1394 1395 1395 1393
1165 1169 1177 1185 1191 1190 1188 1191 1198 1214 1214 1205 1203 1212 1219 1224 1224 1224 1225 1229 1235 1234 1235 1230 1233 1239 1245 1252 1254 1256 1252 1260 1258 1257 1256 1263 1265 1262 1266 1271 1279 1285 1295 1295 1298 1302 1308 1310 1311 1319 1319 1322 1326 1320 1325 1330 1333 1331 1337 1345 1344 1348 1351 1352 1353 1355 1358 1363 1369 1377 1377 1384 1384 1386 1389 1389 1389 1385 1386 1390 1394 1396 1396 1396 1397
1159 1166 1171 1182 1194 1187 1182 1185 1206 1225 1222 1201 1203 1210 1221 1221 1222 1223 1217 1225 1231 1231 1230 1231 1231 1240 1247 1254 1248 1254 1248 1254 1255 1258 1254 1258 1259 1263 1271 1274 1283 1289 1293 1297 1299 1304 1308 1311 1317 1318 1318 1321 1319 1320 1323 1326 1329 1328 1334 1341 1342 1345 1348 1351 1354 1356 1356 1364 1371 1377 1375 1377 1381 1382 1385 1389 1388 1386 1393 1392 1395 1396 1398 1395 1395
1159 1169 1169 1178 1177 1175 1174 1178 1197 1213 1208 1196 1205 1212 1216 1213 1211 1214 1218 1222 1231 1231 1230 1227 1230 1237 1243 1248 1244 1246 1247 1250 1256 1250 1251 1254 1259 1272 1274 1284 1285 1287 1286 1292 1294 1299 1303 1310 1317 1317 1313 1317 1317 1317 1319 1321 1325 1329 1331 1337 1337 1345 1352 1354 1356 1360 1360 1362 1367 1370 1370 1376 1377 1380 1384 1385 1382 1389 1388 1392 1394 1396 1395 1390 1397
1154 1163 1169 1169 1166 1165 1171 1180 1177 1189 1190 1194 1204 1207 1208 1206 1209 1215 1217 1223 1228 1228 1229 1226 1233 1237 1242 1244 1239 1238 1240 1242 1247 1247 1251 1255 1259 1264 1272 1276 1278 1281 1283 1287 1288 1301 1304 1308 1314 1315 1311 1316 1315 1316 1319 1327 1322 1324 1329 1334 1335 1339 1346 1349 1353 1355 1358 1362 1369 1371 1372 1376 1380 1382 1383 1385 1383 1388 1390 1395 1396 1396 1392 1394 1395
1152 1161 1156 1162 1162 1159 1168 1178 1178 1181 1188 1192 1199 1199 1196 1197 1209 1221 1219 1220 1223 1225 1223 1223 1232 1235 1238 1237 1238 1236 1238 1241 1244 1244 1252 1261 1261 1267 1270 1274 1279 1283 1287 1287 1291 1296 1302 1309 1313 1311 1310 1311 1314 1320 1324 1331 1326 1329 1336 1337 1339 1340 1342 1348 1350 1352 1352 1358 1368 1375 1373 1379 1382 1382 1386 1387 1385 1388 1396 1396 1395 1398 1393 1396 1400
1145 1156 1149 1151 1154 1154 1160 1163 1173 1182 1192 1194 1192 1187 1195 1205 1210 1216 1216 1220 1222 1224 1221 1226 1230 1234 1245 1235 1234 1232 1236 1237 1239 1244 1254 1262 1268 1271 1275 1283 1289 1292 1292 1292 1294 1295 1299 1302 1308 1308 1312 1310 1310 1315 1322 1328 1332 1331 1336 1337 1340 1347 1345 1347 1353 1356 1358 1364 1367 1371 1376 1378 1381 1383 1389 1385 1388 1388 1395 1393 1392 1397 1397 1392 1399
1142 1149 1143 1144 1146 1149 1160 1171 1182 1200 1207 1200 1187 1182 1191 1200 1200 1204 1208 1215 1219 1220 1217 1221 1225 1235 1244 1239 1231 1229 1232 1236 1246 1245 1252 1260 1268 1272 1271 1280 1280 1289 1291 1296 1292 1301 1306 1309 1308 1305 1303 1303 1305 1312 1319 1323 1332 1337 1342 1342 1344 1349 1348 1348 1352 1354 1358 1365 1367 1371 1376 1380 1382 1383 1387 1386 1386 1385 1389 1390 1394 1400 1401 1400 1395
1137 1139 1136 1133 1136 1145 1150 1167 1178 1184 1189 1180 1183 1185 1190 1191 1200 1197 1206 1208 1214 1210 1211 1217 1223 1232 1231 1237 1234 1230 1233 1237 1247 1250 1253 1260 1266 1272 1275 1279 1280 1286 1289 1297 1291 1304 1304 1309 1308 1308 1303 1303 1302 1310 1314 1318 1328 1338 1341 1343 1349 1349 1350 1352 1353 1355 1360 1365 1369 1370 1376 1381 1383 1384 1383 1381 1384 1381 1381 1386 1394 1396 1400 1400 1397
1132 1134 1132 1129 1138 1146 1151 1161 1167 1167 1171 1171 1180 1182 1182 1186 1192 1192 1207 1204 1207 1208 1209 1216 1221 1230 1232 1231 1231 1230 1234 1240 1246 1253 1258 1263 1267 1272 1275 1278 1275 1281 1285 1288 1288 1298 1298 1301 1308 1307 1302 1300 1300 1307 1309 1316 1323 1333 1337 1342 1347 1351 1351 1353 1355 1357 1360 1364 1368 1372 1373 1379 1381 1380 1382 1385 1381 1385 1385 1387 1394 1393 1398 1398 1397
1126 1127 1123 1130 1139 1148 1146 1154 1154 1154 1156 1165 1169 1177 1179 1181 1187 1191 1197 1198 1207 1207 1208 1217 1216 1224 1227 1228 1229 1230 1237 1242 1250 1256 1258 1263 1265 1270 1270 1274 1274 1275 1281 1285 1292 1300 1295 1303 1304 1305 1304 1302 1299 1305 1308 1312 1321 1327 1328 1339 1344 1350 1355 1355 1359 1357 1356 1363 1369 1370 1374 1375 1379 1382 1385 1387 1385 1385 1385 1386 1391 1391 1391 1398 1392
1117 1115 1121 1121 1136 1142 1143 1143 1148 1147 1155 1160 1164 1170 1173 1175 1183 1185 1190 1198 1201 1206 1208 1210 1216 1224 1224 1224 1223 1232 1235 1241 1243 1252 1253 1256 1260 1264 1266 1270 1271 1281 1279 1288 1295 1295 1294 1300 1305 1310 1303 1303 1299 1300 1305 1310 1312 1324 1329 1333 1339 1346 1354 1357 1353 1355 1360 1366 1369 1374 1378 1378 1379 1380 1380 1383 1387 1390 1390 1387 1391 1391 1390 1395 1397
1103 1104 1111 1119 1128 1133 1131 1137 1140 1145 1155 1161 1166 1174 1179 1186 1190 1189 1190 1191 1194 1198 1200 1205 1208 1216 1218 1218 1222 1228 1233 1246 1250 1251 1253 1254 1255 1258 1265 1263 1268 1274 1275 1282 1288 1293 1291 1296 1299 1302 1300 1305 1300 1302 1308 1317 1317 1322 1334 1335 1344 1346 1353 1354 1359 1363 1367 1370 1372 1370 1371 1376 1379 1378 1376 1381 1388 1390 1391 1389 1390 1385 1388 1391 1392
1104 1122 1131 1127 1124 1124 1128 1141 1148 1155 1164 1167 1170 1172 1181 1185 1189 1188 1191 1192 1190 1194 1201 1204 1205 1211 1213 1214 1221 1224 1225 1236 1245 1253 1252 1250 1255 1259 1265 1265 1267 1272 1276 1284 1286 1288 1289 1293 1296 1296 1298 1297 1300 1306 1312 1319 1324 1324 1334 1339 1344 1348 1354 1359 1362 1364 1367 1372 1368 1372 1373 1376 1379 1380 1375 1378 1377 1384 1386 1385 1386 1387 1387 1389 1389
1112 1131 1141 1136 1128 1127 1131 1141 1150 1158 1167 1165 1173 1173 1182 1181 1184 1188 1193 1190 1190 1195 1203 1207 1209 1212 1213 1217 1222 1226 1227 1225 1236 1239 1243 1249 1255 1258 1262 1269 1268 1274 1277 1281 1288 1286 1288 1294 1294 1292 1291 1294 1300 1306 1311 1317 1324 1329 1330 1332 1337 1341 1348 1357 1367 1363 1369 1369 1368 1368 1372 1375 1373 1374 1376 1377 1385 1384 1382 1381 1382 1383 1386 1384 1386
1112 1132 1135 1128 1128 1133 1138 1142 1148 1162 1165 1166 1176 1178 1185 1186 1185 1190 1195 1194 1192 1193 1203 1212 1213 1216 1219 1222 1223 1233 1226 1228 1236 1238 1243 1243 1250 1259 1265 1269 1272 1276 1274 1282 1287 1285 1285 1286 1286 1286 1290 1291 1298 1300 1307 1316 1325 1323 1327 1332 1333 1339 1343 1352 1361 1364 1363 1366 1366 1370 1373 1372 1372 1371 1376 1376 1385 1385 1386 1381 1381 1382 1380 1384 1388
