Predictor_variables/bio12.asc
ncols        717
nrows        720
xllcorner    29.500000000000
yllcorner    -1.500000000000
cellsize     0.008333333333
NODATA_value -9999
[rows 38 to 75 of 720, columns 425 to 509 of 717]
1004 1034 1067 1064 1100 1142 1214 1272 1298 1310 1329 1319 1229 1180 1139 1082 1048 1041 1019 984 949 926 915 905 898 892 888 887 886 882 882 885 883 883 886 882 882 878 876 874 878 894 876 875 875 874 878 884 879 875 872 870 869 866 872 866 867 864 864 864 864 863 880 993 958 930 891 890 889 901 930 895 846 840 850 850 880 916 873 896 939 895 861 846 834
1006 1068 1070 1057 1091 1138 1218 1285 1328 1328 1333 1307 1180 1112 1090 1038 1016 1012 1007 984 975 931 919 909 898 892 887 886 886 884 883 886 884 880 881 880 879 876 878 876 874 879 874 873 872 870 871 877 869 865 865 863 861 857 861 858 855 858 862 866 861 849 855 916 976 881 899 855 871 890 863 861 844 839 855 851 863 861 837 854 915 911 877 868 848
1008 1043 1087 1054 1091 1141 1210 1273 1336 1325 1343 1314 1203 1099 1055 1013 1004 993 1003 989 982 966 925 913 902 894 889 884 882 883 883 883 882 879 878 879 877 875 879 876 874 873 876 872 867 865 865 867 864 859 858 853 852 853 850 852 851 854 852 849 846 839 840 874 939 857 852 846 869 907 852 845 839 833 830 826 828 826 822 827 870 873 900 900 903
1007 1016 1051 1053 1071 1124 1181 1246 1300 1296 1331 1320 1257 1116 1041 1004 996 990 992 979 973 971 938 913 907 899 889 886 882 882 880 880 878 880 880 878 875 875 874 872 870 868 873 868 863 860 861 860 860 854 853 850 851 851 846 846 848 851 851 848 845 834 830 837 876 842 822 833 868 879 862 837 832 830 823 825 822 820 821 827 868 864 880 929 950
1009 1007 1013 1024 1039 1085 1139 1198 1267 1238 1278 1293 1279 1150 1068 1004 993 984 984 969 965 964 946 916 909 901 890 883 883 880 878 876 876 879 878 875 876 874 872 870 866 866 869 864 859 860 859 860 855 851 850 847 845 844 841 841 845 847 839 832 829 827 820 821 827 836 816 825 859 849 872 851 830 823 821 818 816 818 821 837 883 865 830 885 923
1009 1007 1024 1054 1036 1060 1101 1142 1186 1188 1208 1250 1230 1200 1096 1014 990 978 974 966 952 950 948 919 913 902 892 885 882 881 877 875 876 877 876 876 874 873 871 867 866 865 866 861 858 857 857 854 850 852 852 847 843 841 841 839 834 835 828 826 819 819 816 815 817 813 812 829 867 849 839 835 827 821 818 816 814 813 812 839 837 870 821 833 888
1010 1012 1022 1040 1034 1055 1077 1086 1132 1153 1167 1199 1189 1171 1094 1033 990 976 964 960 951 941 955 923 918 905 892 886 884 879 878 876 880 879 881 879 875 873 869 864 863 863 864 860 857 856 853 850 848 851 851 848 845 842 837 834 830 830 825 823 818 818 815 814 815 812 810 814 821 821 831 830 830 817 816 813 810 808 810 812 812 827 815 814 844
1012 1014 1022 1027 1025 1038 1063 1061 1094 1121 1141 1174 1208 1187 1114 1044 998 977 962 955 945 935 950 934 934 906 895 887 884 882 880 879 881 879 876 874 874 874 872 868 864 863 861 858 856 853 848 850 853 850 849 847 843 840 836 834 828 826 825 819 818 815 813 812 811 811 809 807 810 818 845 841 823 814 812 810 807 806 805 804 803 807 816 819 820
1009 1013 1013 1015 1015 1036 1061 1057 1092 1134 1133 1162 1198 1215 1123 1046 1003 980 962 950 941 932 925 925 937 921 894 888 886 881 880 878 875 874 873 872 871 871 868 865 866 866 864 861 856 850 848 848 850 847 845 844 842 838 834 830 828 825 819 817 816 815 813 813 812 805 807 806 808 825 819 834 825 815 808 806 805 806 804 803 802 805 816 821 819
1009 1010 1009 1012 1011 1014 1046 1044 1068 1121 1122 1184 1199 1202 1104 1043 995 978 963 946 938 928 924 920 925 911 897 886 884 882 880 878 875 876 874 873 872 868 868 868 868 868 864 859 853 850 845 846 843 845 843 843 840 835 830 825 824 819 817 814 813 814 808 808 807 803 800 801 801 808 808 809 815 811 811 801 799 800 796 796 799 800 801 808 816
1011 1009 1009 1010 1010 1007 1013 1027 1049 1085 1071 1117 1124 1165 1090 1034 993 978 962 948 936 928 920 915 913 907 897 886 881 879 878 878 877 876 875 873 870 868 866 864 864 860 859 855 851 848 844 843 842 839 839 840 837 834 830 825 820 820 821 815 813 810 806 806 802 799 797 796 795 797 798 803 816 809 802 800 798 796 790 789 791 790 796 803 809
1012 1011 1013 1009 1009 1006 1005 1009 1035 1051 1021 1053 1063 1077 1053 1015 984 982 986 955 939 928 919 914 907 910 893 887 883 880 877 876 877 874 874 874 870 865 862 862 861 857 853 849 846 846 843 842 847 846 838 836 836 832 829 821 818 819 817 813 810 813 807 800 798 793 792 792 792 793 791 791 798 799 796 793 790 788 785 784 783 783 787 792 793
1014 1013 1015 1014 1008 1002 1004 1002 1012 1018 1000 1015 1012 1026 1017 1012 982 973 991 1003 941 926 920 913 911 900 893 887 882 879 876 874 876 872 873 871 866 865 860 859 857 853 850 848 846 844 841 843 843 846 839 832 831 827 824 820 818 816 813 809 809 816 808 798 793 790 790 790 790 786 784 786 788 788 787 787 785 785 783 781 779 778 780 778 783
1017 1016 1022 1023 1012 1004 1003 1002 1000 998 998 997 995 994 990 988 1000 969 972 1012 945 927 923 912 916 904 893 885 881 878 874 872 872 868 868 866 863 861 861 857 855 856 852 848 847 845 846 840 839 840 836 831 828 826 820 820 817 812 810 804 804 805 802 797 792 790 790 789 787 785 784 785 787 786 783 784 782 782 781 776 774 775 777 774 774
1014 1012 1012 1009 1005 1003 1003 1002 999 996 994 990 989 987 984 982 992 969 955 976 944 930 922 914 909 901 896 886 883 877 875 873 870 866 865 861 865 862 861 861 860 856 853 846 845 843 843 842 837 835 835 829 825 824 819 815 815 811 806 804 801 798 795 796 792 789 791 789 787 785 785 783 783 782 781 780 778 779 778 773 771 770 768 766 766
1011 1010 1004 1001 1000 1000 999 998 998 995 989 988 983 983 980 976 969 958 950 954 942 928 922 915 911 907 896 890 884 878 875 874 871 866 864 859 859 861 858 855 855 852 849 847 844 841 841 837 834 830 833 823 819 817 813 813 808 807 803 801 797 797 794 794 793 792 790 787 786 786 787 786 783 780 777 777 777 774 774 769 764 766 764 761 760
1010 1008 1007 1005 999 995 995 995 995 992 987 984 983 981 976 969 963 966 955 951 938 928 924 918 912 904 897 892 882 877 874 876 876 873 871 866 858 854 850 854 851 850 846 845 842 840 840 834 833 829 826 820 818 816 811 811 809 809 807 802 798 796 796 794 795 790 787 784 784 787 784 781 780 780 775 776 773 771 766 763 763 765 762 758 756
1013 1006 1006 1001 1002 999 995 991 991 987 986 983 979 975 970 966 958 958 966 985 949 928 923 918 911 906 899 891 886 879 876 874 871 870 869 867 860 857 852 851 848 846 845 842 839 837 837 833 829 827 825 817 814 810 810 809 807 805 805 801 798 799 797 791 788 788 784 782 782 781 781 777 777 775 772 769 769 768 766 764 761 762 756 752 750
1011 1006 1005 1003 1001 997 995 991 987 983 984 980 975 971 968 963 957 956 965 974 941 928 922 914 908 904 895 890 884 881 877 873 871 870 867 864 860 856 853 847 846 843 840 840 838 835 833 831 827 827 822 818 813 809 807 806 803 802 798 798 794 796 793 787 788 784 784 783 782 778 780 776 773 771 766 764 765 768 764 761 758 756 755 749 750
1016 1011 1014 1014 1005 1000 996 993 985 985 983 977 976 969 965 959 952 951 951 961 940 930 924 914 909 905 897 890 888 885 878 874 871 867 865 863 863 857 853 849 847 841 839 836 833 830 831 827 826 824 818 814 812 812 809 807 803 797 794 795 795 795 791 787 784 783 783 778 779 778 777 774 771 768 765 764 764 763 760 758 758 752 753 748 744
1026 1026 1022 1020 1009 1005 1000 993 989 982 983 981 975 969 962 955 950 944 944 944 948 928 919 913 908 903 899 895 890 890 882 874 871 867 867 866 864 860 857 852 845 846 839 836 833 831 827 823 822 822 817 814 811 808 808 807 804 799 794 792 792 792 789 785 784 782 782 781 779 777 775 772 769 766 762 762 763 760 758 756 752 750 747 746 743
1040 1036 1019 1014 1009 1012 1018 1007 992 987 982 979 975 966 960 955 950 942 935 933 937 921 915 910 905 901 897 893 891 887 879 875 874 872 869 869 865 863 861 858 849 845 841 840 833 832 828 838 834 819 817 815 811 808 805 807 807 802 797 793 790 787 785 786 784 783 781 779 779 775 772 766 765 765 764 760 759 756 757 758 754 748 748 742 742
1045 1039 1031 1029 1013 1014 1031 1015 996 989 983 978 975 966 961 953 951 945 939 930 927 921 916 911 906 901 895 894 892 886 882 876 872 871 870 871 867 865 862 860 853 851 843 841 838 835 833 834 838 820 817 816 816 811 807 806 805 803 799 796 790 789 787 783 782 784 779 779 778 774 771 769 765 760 760 761 758 756 756 754 749 748 745 739 738
1054 1037 1044 1043 1026 1009 1020 1022 998 989 984 978 970 962 957 952 950 944 937 932 928 925 919 913 907 903 898 897 894 886 880 875 874 874 871 871 875 885 886 869 858 852 848 843 841 836 833 831 830 825 821 817 816 815 811 804 801 803 799 798 795 790 786 783 781 780 778 777 776 770 770 768 764 760 758 758 756 754 753 749 748 744 738 735 737
1073 1040 1034 1030 1023 1005 1002 1017 1003 991 988 981 973 966 958 952 948 942 938 932 927 923 918 912 909 904 899 900 894 887 882 874 874 870 869 868 872 878 879 866 853 850 848 847 842 837 835 835 834 829 826 818 814 817 814 806 803 802 799 800 797 793 789 785 781 779 778 775 770 767 766 763 761 760 756 754 753 753 750 746 745 742 738 738 734
1077 1046 1028 1024 1016 1004 998 996 999 995 991 981 975 966 961 954 949 943 936 931 926 921 915 913 911 905 899 898 893 886 879 875 876 869 867 865 864 860 861 858 854 850 846 849 843 844 836 833 834 831 826 822 818 816 816 808 803 803 803 803 800 796 790 787 781 780 775 773 769 764 763 761 757 759 756 754 752 750 748 745 742 739 736 736 734
1086 1065 1049 1037 1019 1006 997 993 990 994 996 988 974 966 962 955 951 946 939 933 928 924 918 915 911 904 902 900 894 888 882 877 876 867 864 866 864 859 858 855 852 849 846 845 842 843 840 835 833 832 826 822 820 819 818 810 805 801 799 802 801 796 793 788 782 778 775 772 772 767 763 762 761 757 756 756 750 748 744 742 739 736 734 732 735
1143 1111 1074 1058 1030 1014 1001 992 993 991 995 994 974 969 961 953 950 945 938 932 927 925 921 918 911 907 904 897 893 889 882 882 877 873 869 870 868 861 859 853 850 846 847 844 841 837 838 835 834 829 826 827 824 820 818 815 804 802 803 802 802 801 797 791 784 778 779 775 774 770 765 760 758 757 756 752 748 748 746 741 739 737 734 732 732
1210 1140 1081 1058 1037 1015 1004 994 991 988 992 997 976 968 961 953 949 943 935 932 926 924 918 917 915 911 904 900 894 889 886 881 876 874 869 868 867 863 859 855 853 848 846 844 839 838 835 830 828 827 824 823 824 822 818 815 811 803 802 802 800 802 797 792 787 783 779 781 775 772 769 762 758 758 754 750 749 747 746 742 740 737 734 733 730
1224 1166 1122 1075 1041 1020 1008 1000 992 991 994 1009 987 970 966 957 948 941 938 932 927 924 919 914 911 908 901 898 896 893 890 885 881 877 869 868 868 864 861 858 852 852 846 841 840 839 836 833 828 827 823 823 820 820 820 815 812 807 802 802 801 799 797 794 790 787 782 780 775 774 772 766 763 758 753 751 751 746 743 742 739 736 732 731 728
1308 1248 1182 1137 1061 1029 1017 1004 992 992 998 1016 1013 985 971 962 953 945 938 931 926 923 918 914 911 906 901 902 896 897 893 887 883 874 870 869 871 868 863 862 856 852 851 848 843 840 838 837 833 829 828 825 822 821 819 817 816 810 804 802 801 800 798 799 796 789 784 778 777 779 774 769 766 761 755 752 750 749 747 743 743 740 737 734 732
1375 1316 1228 1168 1078 1037 1027 1015 997 992 999 1004 1032 1016 975 966 955 946 938 933 925 924 919 915 913 908 903 901 897 898 895 889 883 875 871 870 869 868 865 863 858 853 853 848 843 842 839 836 833 833 832 829 822 820 821 818 817 813 807 803 802 802 799 798 796 794 788 780 777 778 777 771 770 764 758 753 752 751 747 748 748 743 739 734 734
1380 1314 1245 1184 1118 1051 1033 1019 998 991 1004 1035 1041 1062 986 969 958 949 941 935 927 923 918 915 911 908 906 901 898 900 898 891 885 879 874 868 869 865 862 862 857 854 853 850 847 845 844 838 836 835 833 831 825 821 822 820 818 817 811 807 804 799 797 799 794 797 790 784 779 777 777 774 774 767 762 760 756 757 752 754 752 746 743 738 736
1346 1254 1246 1249 1197 1095 1044 1026 1001 997 1006 1051 1069 1081 1032 973 960 953 943 938 928 923 919 915 912 909 907 903 901 901 895 889 884 881 874 868 868 865 861 861 859 857 855 853 854 850 847 844 838 834 832 833 828 824 822 817 819 818 815 810 809 802 799 798 793 793 791 786 778 776 775 774 773 770 765 763 759 755 754 753 753 748 747 742 740
1302 1202 1175 1169 1173 1164 1089 1026 1004 997 1025 1078 1088 1102 1103 987 960 951 946 939 932 928 920 916 912 908 905 904 902 901 895 891 885 881 878 869 867 867 864 859 857 855 858 860 859 856 853 848 845 841 839 833 833 830 825 820 819 821 817 812 810 803 798 797 796 793 794 787 781 780 775 773 770 771 770 768 764 758 759 757 758 751 748 747 741
1280 1176 1125 1096 1080 1117 1119 1025 1000 994 1015 1066 1115 1111 1123 1044 964 954 949 942 935 928 923 918 913 907 908 903 902 896 894 890 887 883 875 872 870 867 866 863 860 858 860 874 885 860 855 850 846 845 844 840 838 836 831 833 845 839 824 819 813 809 805 800 797 796 797 794 787 784 780 779 773 767 767 770 770 762 761 761 769 756 752 751 747
1261 1158 1102 1069 1042 1047 1092 1010 994 986 992 1013 1069 1105 1116 1081 977 961 953 942 934 930 923 918 913 910 907 903 899 898 898 892 888 882 876 871 869 866 864 863 862 861 860 872 903 905 865 857 856 874 867 849 845 842 842 837 856 869 857 849 830 821 815 808 805 801 798 795 790 785 784 779 777 774 770 768 770 765 763 762 768 761 754 753 747
1219 1139 1083 1050 1026 1020 1019 995 990 985 987 1004 1023 1061 1089 1091 1006 976 961 944 935 928 922 919 914 911 906 904 902 900 899 893 887 880 876 871 869 865 864 865 863 864 862 866 873 903 901 884 879 901 894 857 854 851 853 842 855 880 882 872 853 839 827 813 807 802 800 796 792 788 788 784 782 778 775 772 770 767 768 767 770 768 760 756 750
