Predictor_variables/bio12.asc
ncols        717
nrows        720
xllcorner    29.500000000000
yllcorner    -1.500000000000
cellsize     0.008333333333
NODATA_value -9999
[rows 304 to 341 of 720, columns 255 to 339 of 717]
1162 1167 1169 1169 1173 1174 1173 1180 1182 1184 1184 1188 1191 1196 1195 1190 1190 1196 1198 1198 1202 1205 1206 1204 1200 1200 1205 1203 1203 1205 1205 1207 1205 1208 1211 1212 1208 1204 1203 1202 1200 1200 1205 1206 1203 1210 1209 1206 1208 1210 1216 1222 1222 1238 1242 1234 1221 1213 1211 1211 1211 1212 1219 1222 1215 1215 1215 1215 1214 1217 1219 1218 1220 1222 1223 1220 1219 1220 1217 1220 1219 1222 1227 1228 1228
1158 1163 1163 1166 1170 1172 1179 1182 1183 1187 1188 1189 1189 1194 1191 1191 1191 1193 1197 1197 1198 1202 1206 1206 1208 1208 1209 1209 1209 1210 1208 1202 1204 1204 1203 1206 1205 1200 1202 1198 1199 1197 1202 1202 1205 1206 1205 1206 1207 1204 1211 1214 1221 1232 1246 1238 1218 1210 1208 1207 1208 1209 1211 1219 1212 1216 1215 1213 1212 1214 1222 1221 1218 1212 1210 1217 1215 1215 1217 1220 1220 1219 1224 1224 1225
1160 1164 1167 1169 1172 1176 1175 1179 1186 1189 1186 1193 1188 1196 1195 1193 1194 1193 1196 1200 1202 1206 1210 1211 1208 1209 1208 1207 1205 1205 1204 1202 1202 1204 1205 1203 1204 1201 1201 1200 1196 1194 1198 1194 1194 1192 1197 1203 1204 1202 1209 1207 1210 1216 1226 1215 1212 1206 1205 1207 1206 1207 1204 1208 1210 1213 1210 1209 1209 1211 1215 1222 1213 1206 1209 1207 1209 1210 1209 1214 1214 1210 1213 1219 1227
1166 1165 1170 1174 1176 1179 1183 1186 1188 1191 1191 1190 1190 1192 1191 1194 1195 1196 1205 1204 1205 1207 1208 1211 1208 1204 1204 1201 1201 1202 1199 1204 1206 1208 1206 1208 1202 1201 1204 1201 1198 1195 1193 1188 1189 1192 1194 1195 1200 1206 1222 1228 1225 1230 1239 1234 1228 1215 1207 1202 1204 1202 1203 1203 1206 1206 1203 1201 1200 1204 1210 1216 1209 1206 1207 1208 1204 1202 1204 1207 1209 1206 1205 1205 1211
1169 1169 1173 1178 1179 1183 1184 1190 1191 1192 1189 1192 1194 1199 1196 1193 1198 1201 1201 1210 1204 1203 1201 1208 1210 1208 1210 1207 1203 1205 1203 1205 1203 1202 1203 1201 1200 1197 1198 1197 1193 1194 1198 1189 1187 1189 1187 1189 1195 1202 1223 1239 1233 1229 1222 1227 1226 1214 1205 1202 1201 1198 1198 1199 1201 1202 1200 1197 1193 1195 1202 1213 1206 1205 1208 1204 1206 1202 1206 1210 1210 1205 1203 1204 1203
1171 1174 1180 1186 1186 1186 1188 1190 1193 1195 1191 1197 1197 1199 1198 1195 1199 1198 1199 1203 1201 1200 1201 1208 1205 1207 1211 1209 1209 1208 1201 1206 1205 1205 1202 1195 1200 1192 1191 1190 1190 1188 1194 1189 1188 1188 1185 1185 1195 1196 1223 1230 1227 1223 1210 1205 1198 1196 1196 1196 1196 1198 1197 1195 1197 1196 1194 1197 1192 1198 1198 1204 1203 1202 1205 1202 1201 1203 1201 1207 1216 1209 1204 1203 1200
1175 1182 1184 1188 1190 1190 1193 1193 1191 1197 1200 1200 1197 1200 1194 1191 1193 1196 1199 1198 1201 1201 1204 1202 1201 1201 1206 1205 1206 1205 1202 1202 1201 1199 1197 1195 1198 1199 1190 1192 1186 1186 1191 1188 1188 1193 1187 1185 1193 1210 1232 1229 1237 1233 1209 1193 1190 1186 1190 1191 1191 1193 1197 1195 1192 1190 1191 1196 1192 1196 1193 1197 1193 1199 1196 1197 1193 1196 1202 1206 1216 1208 1199 1198 1200
1185 1186 1186 1189 1189 1197 1200 1196 1200 1202 1201 1197 1193 1197 1193 1195 1194 1194 1197 1196 1199 1200 1200 1200 1202 1203 1202 1202 1203 1204 1201 1196 1194 1194 1193 1198 1213 1212 1214 1210 1200 1196 1192 1188 1193 1204 1216 1211 1195 1214 1241 1243 1245 1240 1209 1188 1190 1187 1184 1186 1186 1185 1187 1186 1186 1187 1190 1190 1189 1190 1192 1193 1193 1195 1191 1192 1192 1192 1195 1201 1201 1204 1197 1196 1198
1195 1195 1190 1190 1189 1193 1198 1206 1208 1209 1212 1201 1196 1191 1194 1197 1198 1197 1199 1200 1197 1201 1201 1204 1199 1201 1197 1202 1203 1201 1199 1204 1197 1191 1190 1199 1215 1237 1243 1240 1233 1229 1222 1192 1189 1209 1227 1239 1220 1213 1239 1240 1239 1240 1223 1191 1187 1188 1184 1188 1187 1185 1181 1182 1182 1188 1191 1190 1187 1183 1185 1187 1186 1186 1187 1193 1190 1193 1193 1194 1196 1195 1195 1197 1197
1201 1195 1191 1192 1197 1200 1206 1207 1212 1208 1209 1209 1204 1202 1201 1203 1203 1202 1206 1206 1205 1205 1205 1202 1199 1199 1200 1204 1204 1203 1206 1216 1213 1208 1202 1211 1222 1230 1249 1247 1241 1215 1226 1200 1187 1192 1209 1233 1234 1232 1230 1231 1229 1217 1196 1184 1179 1181 1182 1183 1183 1180 1183 1182 1183 1183 1183 1191 1188 1186 1187 1184 1185 1188 1188 1191 1191 1194 1193 1193 1192 1192 1196 1196 1193
1200 1199 1195 1194 1198 1201 1209 1208 1212 1212 1212 1216 1206 1206 1209 1207 1210 1208 1208 1207 1204 1205 1202 1204 1203 1205 1202 1203 1203 1203 1207 1221 1220 1226 1231 1236 1252 1254 1253 1251 1244 1224 1226 1216 1203 1204 1205 1212 1213 1221 1220 1226 1229 1211 1182 1175 1174 1174 1173 1176 1175 1176 1177 1177 1182 1182 1180 1185 1180 1181 1181 1181 1183 1179 1179 1186 1189 1190 1195 1200 1197 1191 1190 1192 1188
1202 1203 1199 1197 1200 1203 1213 1212 1214 1220 1220 1223 1212 1206 1207 1208 1213 1216 1208 1212 1207 1206 1204 1206 1205 1204 1206 1204 1204 1203 1213 1231 1239 1236 1235 1233 1260 1257 1253 1253 1248 1236 1228 1200 1186 1182 1188 1205 1213 1211 1209 1218 1217 1197 1173 1166 1166 1167 1169 1170 1170 1170 1171 1176 1175 1177 1174 1175 1173 1176 1183 1182 1181 1177 1179 1183 1183 1187 1194 1211 1199 1189 1183 1186 1185
1199 1201 1198 1201 1203 1209 1220 1223 1221 1224 1223 1222 1212 1208 1208 1208 1214 1225 1219 1211 1211 1209 1209 1211 1206 1206 1201 1203 1207 1213 1212 1227 1240 1246 1237 1228 1256 1254 1242 1234 1220 1212 1209 1183 1174 1170 1182 1206 1217 1204 1191 1200 1203 1192 1168 1159 1162 1163 1165 1166 1171 1169 1168 1173 1173 1176 1177 1172 1172 1177 1180 1181 1177 1175 1174 1177 1177 1180 1187 1198 1191 1183 1183 1183 1186
1200 1201 1197 1205 1212 1219 1224 1233 1235 1229 1223 1218 1213 1211 1207 1202 1215 1229 1239 1242 1236 1225 1219 1223 1233 1231 1228 1217 1223 1224 1221 1224 1236 1250 1250 1239 1249 1250 1243 1222 1203 1185 1176 1182 1174 1169 1184 1211 1222 1196 1172 1175 1175 1175 1163 1155 1158 1157 1163 1166 1167 1165 1168 1168 1168 1171 1173 1169 1168 1170 1173 1173 1174 1173 1171 1173 1174 1179 1180 1186 1182 1181 1183 1187 1191
1196 1203 1212 1212 1220 1224 1221 1228 1229 1224 1218 1219 1216 1215 1211 1212 1215 1225 1251 1269 1264 1260 1244 1249 1261 1264 1259 1246 1245 1240 1243 1246 1244 1256 1261 1261 1244 1228 1211 1203 1190 1179 1176 1193 1181 1171 1175 1196 1197 1174 1161 1160 1159 1158 1156 1155 1155 1158 1159 1159 1161 1162 1165 1167 1166 1171 1167 1166 1167 1165 1162 1173 1180 1174 1168 1169 1173 1175 1176 1176 1184 1188 1186 1189 1193
1201 1212 1223 1236 1231 1228 1227 1224 1226 1225 1224 1220 1215 1212 1210 1216 1223 1234 1242 1243 1245 1246 1250 1259 1259 1252 1246 1248 1254 1263 1267 1263 1249 1237 1218 1212 1207 1190 1176 1169 1168 1184 1173 1178 1168 1159 1165 1179 1172 1159 1151 1152 1152 1152 1151 1152 1157 1157 1157 1158 1162 1158 1161 1163 1162 1167 1168 1163 1163 1164 1167 1181 1195 1192 1179 1166 1167 1167 1160 1161 1180 1187 1191 1191 1182
1218 1222 1229 1237 1234 1233 1228 1228 1226 1227 1229 1230 1225 1224 1222 1228 1236 1236 1232 1223 1222 1223 1232 1258 1258 1252 1238 1226 1234 1257 1263 1259 1246 1226 1190 1181 1182 1173 1166 1164 1166 1181 1173 1161 1161 1161 1159 1155 1147 1148 1146 1146 1148 1148 1147 1149 1152 1152 1150 1150 1148 1156 1157 1159 1160 1161 1166 1159 1160 1165 1168 1173 1182 1173 1172 1171 1175 1175 1161 1154 1181 1186 1184 1183 1178
1223 1225 1230 1229 1235 1237 1233 1238 1235 1235 1238 1239 1229 1227 1230 1231 1227 1226 1225 1225 1221 1221 1235 1255 1256 1260 1253 1238 1235 1251 1261 1257 1247 1231 1206 1206 1188 1172 1163 1162 1160 1168 1184 1183 1188 1192 1184 1159 1149 1145 1141 1142 1142 1141 1139 1142 1148 1148 1147 1146 1144 1148 1150 1155 1158 1158 1160 1157 1157 1162 1161 1163 1165 1166 1164 1175 1188 1191 1183 1176 1189 1192 1183 1181 1177
1220 1227 1228 1227 1233 1233 1236 1240 1237 1240 1246 1245 1232 1228 1228 1230 1225 1226 1225 1225 1221 1227 1240 1256 1255 1257 1256 1249 1250 1253 1258 1257 1256 1240 1215 1219 1193 1170 1158 1158 1162 1167 1197 1202 1212 1221 1211 1175 1161 1149 1139 1138 1134 1135 1135 1135 1139 1146 1143 1141 1140 1140 1146 1154 1152 1150 1156 1155 1156 1155 1158 1159 1158 1165 1168 1178 1189 1193 1195 1189 1196 1189 1180 1174 1176
1221 1222 1229 1227 1235 1237 1245 1241 1241 1241 1241 1238 1235 1236 1232 1234 1234 1234 1229 1222 1228 1233 1249 1256 1256 1257 1255 1249 1253 1253 1255 1252 1251 1250 1231 1213 1178 1164 1160 1154 1156 1169 1201 1208 1217 1227 1230 1209 1190 1165 1140 1133 1128 1133 1130 1132 1138 1142 1140 1142 1136 1140 1143 1149 1148 1142 1150 1153 1153 1151 1155 1160 1160 1169 1173 1178 1190 1194 1192 1190 1188 1179 1180 1177 1174
1222 1229 1238 1239 1241 1244 1244 1245 1243 1242 1236 1247 1248 1240 1250 1244 1257 1264 1246 1240 1250 1253 1252 1253 1253 1249 1254 1251 1249 1248 1252 1253 1249 1249 1239 1211 1171 1161 1154 1152 1156 1179 1192 1185 1190 1196 1201 1196 1184 1171 1146 1131 1126 1126 1126 1130 1133 1136 1134 1132 1130 1130 1138 1140 1140 1138 1136 1141 1148 1150 1150 1157 1165 1166 1174 1176 1183 1193 1186 1188 1183 1177 1178 1177 1173
1245 1236 1236 1238 1242 1246 1248 1251 1248 1242 1240 1236 1236 1235 1237 1246 1265 1274 1262 1252 1257 1259 1250 1252 1242 1241 1247 1255 1253 1235 1240 1253 1248 1243 1230 1211 1171 1158 1152 1151 1150 1157 1157 1154 1151 1144 1145 1139 1132 1132 1126 1124 1131 1142 1129 1122 1126 1129 1128 1126 1124 1125 1130 1136 1134 1136 1135 1141 1154 1164 1165 1162 1161 1166 1167 1172 1175 1182 1174 1168 1173 1173 1173 1173 1166
1238 1241 1241 1245 1248 1251 1250 1250 1248 1245 1245 1245 1245 1241 1255 1271 1282 1284 1284 1277 1268 1263 1260 1255 1243 1238 1244 1243 1249 1232 1238 1250 1244 1240 1237 1216 1172 1154 1150 1148 1154 1194 1200 1183 1155 1148 1150 1127 1119 1118 1120 1119 1133 1129 1127 1123 1124 1120 1118 1122 1121 1123 1121 1125 1126 1134 1146 1155 1158 1154 1154 1158 1162 1165 1159 1163 1163 1166 1165 1163 1170 1172 1177 1173 1167
1241 1240 1244 1247 1245 1249 1249 1251 1249 1251 1251 1248 1243 1242 1244 1255 1279 1283 1284 1277 1271 1271 1265 1257 1256 1247 1241 1236 1238 1244 1246 1249 1242 1237 1238 1231 1196 1157 1151 1146 1153 1199 1211 1197 1161 1150 1142 1124 1116 1114 1116 1116 1114 1119 1120 1123 1120 1118 1115 1115 1122 1123 1117 1123 1127 1142 1153 1156 1156 1150 1147 1148 1152 1152 1154 1161 1159 1161 1161 1164 1163 1169 1170 1174 1170
1246 1247 1246 1245 1249 1249 1250 1249 1253 1258 1254 1253 1244 1245 1245 1248 1270 1286 1280 1282 1275 1276 1266 1255 1253 1249 1242 1243 1237 1243 1250 1246 1242 1237 1233 1229 1196 1166 1153 1150 1151 1195 1210 1205 1180 1165 1146 1120 1113 1110 1112 1113 1114 1110 1113 1117 1117 1114 1110 1115 1112 1117 1120 1127 1133 1146 1154 1148 1146 1146 1147 1145 1144 1146 1149 1162 1160 1161 1163 1165 1167 1169 1166 1171 1179
1244 1248 1252 1252 1244 1250 1248 1251 1256 1261 1258 1255 1255 1251 1251 1258 1277 1279 1267 1259 1264 1267 1267 1263 1253 1250 1247 1243 1237 1231 1237 1232 1223 1211 1217 1226 1213 1182 1159 1165 1156 1187 1198 1188 1163 1149 1134 1114 1111 1108 1109 1111 1110 1110 1108 1108 1106 1108 1109 1110 1118 1121 1127 1137 1143 1145 1145 1139 1139 1143 1146 1140 1141 1148 1150 1159 1161 1159 1161 1159 1163 1163 1170 1170 1175
1244 1246 1251 1247 1249 1253 1254 1260 1263 1267 1262 1263 1258 1257 1255 1275 1290 1284 1260 1248 1259 1268 1263 1257 1248 1252 1251 1249 1242 1238 1235 1219 1211 1186 1187 1204 1200 1178 1164 1166 1176 1193 1190 1167 1143 1132 1123 1110 1109 1107 1104 1103 1103 1105 1102 1099 1099 1101 1103 1109 1122 1127 1133 1132 1134 1136 1135 1132 1136 1140 1150 1139 1148 1144 1146 1153 1160 1159 1151 1155 1157 1162 1164 1163 1168
1243 1253 1245 1249 1254 1258 1256 1261 1262 1261 1262 1261 1260 1255 1254 1267 1279 1271 1245 1236 1246 1257 1265 1249 1231 1245 1247 1245 1229 1217 1211 1205 1199 1187 1190 1197 1187 1167 1156 1143 1150 1158 1161 1148 1136 1130 1114 1104 1108 1116 1123 1124 1117 1103 1095 1096 1094 1094 1107 1111 1121 1133 1140 1128 1123 1122 1124 1130 1131 1139 1147 1140 1149 1150 1148 1151 1158 1160 1156 1156 1158 1161 1164 1165 1160
1252 1262 1256 1259 1261 1263 1268 1271 1272 1270 1265 1261 1257 1254 1251 1254 1257 1251 1241 1240 1236 1227 1229 1225 1213 1216 1217 1221 1214 1201 1187 1186 1183 1177 1182 1187 1180 1163 1146 1136 1132 1142 1142 1126 1118 1116 1114 1125 1127 1121 1118 1118 1129 1121 1101 1096 1093 1093 1102 1117 1128 1140 1142 1132 1126 1117 1119 1120 1126 1133 1140 1147 1147 1147 1148 1152 1156 1157 1157 1157 1158 1163 1170 1165 1163
1257 1267 1265 1265 1268 1264 1271 1277 1278 1285 1268 1262 1262 1259 1256 1252 1249 1246 1246 1240 1234 1221 1213 1210 1207 1211 1209 1215 1211 1208 1199 1191 1185 1168 1167 1165 1160 1156 1151 1141 1128 1130 1138 1128 1123 1118 1131 1145 1142 1120 1103 1105 1118 1132 1123 1107 1097 1099 1100 1125 1138 1155 1158 1145 1143 1118 1112 1115 1124 1134 1141 1144 1145 1143 1145 1144 1155 1158 1160 1159 1154 1156 1172 1182 1170
1261 1267 1271 1277 1272 1273 1271 1274 1277 1287 1284 1269 1265 1262 1257 1255 1254 1245 1242 1237 1239 1223 1214 1212 1212 1223 1219 1221 1214 1202 1197 1186 1177 1168 1161 1153 1153 1148 1147 1134 1121 1122 1135 1135 1130 1122 1141 1146 1135 1115 1108 1104 1122 1134 1131 1120 1105 1101 1095 1124 1150 1164 1168 1155 1151 1121 1114 1115 1123 1127 1131 1130 1135 1134 1139 1143 1155 1150 1152 1152 1150 1155 1170 1179 1180
1263 1266 1272 1278 1274 1270 1269 1268 1271 1287 1292 1276 1268 1265 1256 1259 1257 1251 1248 1239 1239 1218 1211 1206 1218 1233 1230 1228 1212 1200 1186 1177 1173 1162 1158 1152 1149 1144 1139 1127 1123 1119 1130 1133 1121 1118 1129 1129 1115 1100 1105 1105 1128 1132 1134 1118 1100 1101 1097 1123 1146 1164 1166 1150 1147 1122 1111 1111 1113 1120 1121 1121 1130 1136 1134 1138 1150 1149 1142 1144 1146 1148 1156 1168 1185
1264 1262 1268 1278 1273 1269 1266 1266 1277 1293 1310 1284 1268 1264 1261 1254 1254 1254 1248 1235 1233 1224 1214 1207 1215 1229 1225 1222 1203 1185 1180 1178 1172 1171 1159 1164 1158 1146 1142 1127 1122 1121 1124 1125 1102 1098 1105 1106 1095 1083 1088 1088 1110 1125 1129 1122 1101 1099 1099 1121 1136 1153 1164 1145 1139 1123 1111 1106 1103 1111 1114 1114 1125 1130 1129 1131 1138 1135 1137 1136 1138 1145 1149 1156 1175
1262 1263 1273 1286 1278 1268 1267 1270 1285 1311 1322 1298 1272 1269 1267 1250 1255 1250 1239 1229 1233 1243 1230 1218 1206 1201 1198 1192 1182 1179 1178 1176 1176 1179 1172 1166 1174 1167 1157 1140 1131 1131 1130 1118 1106 1101 1114 1130 1113 1083 1078 1077 1086 1085 1095 1103 1094 1094 1089 1111 1127 1138 1145 1152 1152 1157 1136 1113 1105 1105 1111 1117 1123 1124 1128 1129 1133 1135 1131 1131 1132 1134 1138 1146 1159
1288 1285 1294 1306 1303 1289 1286 1296 1306 1333 1343 1317 1276 1268 1263 1258 1254 1242 1237 1229 1222 1210 1206 1205 1207 1199 1195 1186 1186 1181 1181 1182 1178 1171 1178 1172 1175 1168 1162 1161 1160 1157 1154 1144 1126 1117 1134 1131 1113 1088 1085 1082 1100 1086 1081 1082 1085 1089 1080 1093 1110 1117 1115 1112 1113 1119 1122 1110 1104 1115 1121 1129 1133 1133 1132 1137 1144 1146 1131 1130 1135 1138 1140 1147 1132
1313 1312 1302 1280 1281 1293 1308 1311 1319 1332 1318 1286 1268 1261 1250 1250 1244 1241 1238 1229 1217 1213 1202 1204 1199 1201 1191 1191 1187 1188 1190 1188 1184 1178 1175 1165 1173 1172 1166 1165 1159 1163 1164 1159 1149 1141 1139 1138 1121 1100 1085 1081 1079 1085 1077 1080 1089 1098 1095 1100 1103 1106 1105 1103 1103 1101 1101 1099 1102 1115 1121 1132 1124 1120 1121 1135 1139 1136 1138 1141 1146 1153 1157 1156 1143
1316 1300 1299 1286 1275 1278 1290 1289 1300 1318 1308 1281 1266 1259 1255 1255 1250 1245 1242 1234 1221 1211 1204 1210 1204 1193 1189 1190 1183 1185 1190 1180 1175 1177 1171 1162 1169 1177 1172 1167 1158 1162 1166 1165 1153 1146 1144 1141 1133 1101 1085 1081 1083 1099 1087 1080 1091 1098 1099 1104 1105 1101 1102 1102 1104 1083 1080 1084 1090 1109 1115 1127 1112 1088 1098 1120 1128 1130 1132 1133 1136 1137 1144 1163 1162
1311 1293 1281 1281 1284 1290 1287 1284 1280 1294 1286 1268 1266 1263 1261 1255 1261 1268 1261 1255 1229 1222 1212 1211 1203 1195 1191 1185 1181 1187 1189 1185 1179 1174 1165 1159 1167 1172 1164 1171 1158 1154 1158 1156 1148 1143 1135 1137 1135 1116 1099 1096 1087 1090 1086 1088 1092 1094 1087 1102 1106 1111 1119 1119 1120 1114 1113 1117 1108 1105 1109 1117 1116 1113 1113 1120 1124 1123 1112 1116 1123 1129 1133 1141 1144
