Predictor_variables/bushmeat.asc
ncols        717
nrows        720
xllcorner    29.500000000000
yllcorner    -1.500000000000
cellsize     0.008333333333
NODATA_value -9999
[rows 576 to 639 of 720, columns 0 to 95 of 717]
1 1 1 1 1 1 1 1 1 1 1 1 1 1 1 1 1 1 1 1 1 1 1 1 1 1 1 1 1 1 1 1 1 1 1 0.88457536697387695313 0 0 0 0 7.8603861197734659072e-09 0.11511175334453582764 1.1109247207641601563 1.9957733154296875 2 2 2 2 2 2 2 2 2 2 2 2 2 2 2 2 2 2 2 2 2 2 2 2 2 2 2 1.9994413852691650391 1.8788741827011108398 1 1 1 1 1 1 1 1 1 1 1 1 1 1 1 1 1 1 1 1 1 1 1
1 1 1 1 1 1 1 1 1 1 1 1 1 1 1 1 1 1 1 1 1 1 1 1 1 1 1 1 1 1 1 1 1 1 1 0.88457536697387695313 0 0 0 7.8621695820402237587e-09 0.11507655680179595947 0.99580824375152587891 1.115704655647277832 2 2 2 2 2 2 2 2 2 2 2 2 2 2 2 2 2 2 2 2 2 2 2 2 2 2 2 2 2 1.8830953836441040039 1 1 1 1 1 1 1 1 1 1 1 1 1 1 1 1 1 1 1 1 1 1 1
1 1 1 1 1 1 1 1 1 1 1 1 1 1 1 1 1 1 1 1 1 1 1 1 1 1 1 1 1 1 1 1 1 1 1 0.88457536697387695313 0 0 0 7.8996134078579416382e-09 0.11562462151050567627 1.1151208877563476563 1.9958437681198120117 2 2 2 2 2 2 2 2 2 2 2 2 2 2 2 2 2 2 2 2 2 2 2 2 2 2 2 2 2 1.9994505643844604492 1.8789049386978149414 1 1 1 1 1 1 1 1 1 1 1 1 1 1 1 1 1 1 1 1 1 1
1 1 1 1 1 1 1 1 1 1 1 1 1 1 1 1 1 1 1 1 1 1 1 1 1 1 1 1 1 1 1 1 1 1 1 0.88457536697387695313 0 0 7.8642656831107160542e-09 0.11504597961902618408 0.99587869644165039063 1.1156647205352783203 2 2 2 2 2 2 2 2 2 2 2 2 2 2 2 2 2 2 2 2 2 2 2 2 2 2 2 2 2 2 2 1.9994549751281738281 1.8789004087448120117 1 1 1 1 1 1 1 1 1 1 1 1 1 1 1 1 1 1 1 1 1
1 1 1 1 1 1 1 1 1 1 1 1 1 1 1 1 1 1 1 1 1 1 1 1 1 1 1 1 1 1 1 1 1 1 0.88514846563339233398 0.0040868716314435005188 0 0 7.9010851194993847457e-09 0.11558461934328079224 1.1150903701782226563 1.9959143400192260742 2 2 2 2 2 2 2 2 2 2 2 2 2 2 2 2 2 2 2 2 2 2 2 2 2 2 2 2 2 2 2 2 1.8830153942108154297 1 1 1 1 1 1 1 1 1 1 1 1 1 1 1 1 1 1 1 1 1
1 1 1 1 1 1 1 1 1 1 1 1 1 1 1 1 1 1 1 1 1 1 1 1 1 1 1 1 1 1 1 1 1 1 0.88461542129516601563 2.2162653656732089757e-10 0 7.8663591196459492494e-09 0.11501540243625640869 1.1110043525695800781 1.9959493875503540039 2 2 2 2 2 2 2 2 2 2 2 2 2 2 2 2 2 2 2 2 2 2 2 2 2 2 2 2 2 2 2 2 2 1.9994641542434692383 1.8789311647415161133 1 1 1 1 1 1 1 1 1 1 1 1 1 1 1 1 1 1 1 1
1 1 1 1 1 1 1 1 1 1 1 1 1 1 1 1 1 1 1 1 1 1 1 1 1 1 1 1 1 1 1 1 1 1 0.88461542129516601563 0 7.8685529203426085587e-09 0.11498019099235534668 0.99598431587219238281 1.1155847311019897461 2 2 2 2 2 2 2 2 2 2 2 2 2 2 2 2 2 2 2 2 2 2 2 2 2 2 2 2 2 2 2 2 2 2 2 1.999468684196472168 1.8789265155792236328 1 1 1 1 1 1 1 1 1 1 1 1 1 1 1 1 1 1 1
1 1 1 1 1 1 1 1 1 1 1 1 1 1 1 1 1 1 1 1 1 1 1 1 1 1 1 1 1 1 1 1 1 1 0.88461542129516601563 0 7.9044406575690118189e-09 0.11550461500883102417 1.115024566650390625 1.9960199594497680664 2 2 2 2 2 2 2 2 2 2 2 2 2 2 2 2 2 2 2 2 2 2 2 2 2 2 2 2 2 2 2 2 2 2 2 2 1.8829354047775268555 1 1 1 1 1 1 1 1 1 1 1 1 1 1 1 1 1 1 1
1 1 1 1 1 1 1 1 1 1 1 1 1 1 1 1 1 1 1 1 1 1 1 1 1 1 1 1 1 1 1 1 1 1 0.88461542129516601563 7.870640139628903853e-09 0.11494959145784378052 0.99605482816696166992 1.1155446767807006836 2 2 2 2 2 2 2 2 2 2 2 2 2 2 2 2 2 2 2 2 2 2 2 2 2 2 2 2 2 2 2 2 2 2 2 2 2 1.8829354047775268555 1 1 1 1 1 1 1 1 1 1 1 1 1 1 1 1 1 1 1
1 1 1 1 1 1 1 1 1 1 1 1 1 1 1 1 1 1 1 1 1 1 1 1 1 1 1 1 1 1 1 1 1 1 0.88461542129516601563 0.11491438001394271851 0.99608999490737915039 1.1149939298629760742 1.9960904121398925781 2 2 2 2 2 2 2 2 2 2 2 2 2 2 2 2 2 2 2 2 2 2 2 2 2 2 2 2 2 2 2 2 2 2 2 2 2 1.8829354047775268555 1 1 1 1 1 1 1 1 1 1 1 1 1 1 1 1 1 1 1
1 1 1 1 1 1 1 1 1 1 1 1 1 1 1 1 1 1 1 1 1 1 1 1 1 1 1 1 1 1 1 1 1 1 0.88461542129516601563 0.1154246106743812561 1.1149587631225585938 1.9961255788803100586 2 2 2 2 2 2 2 2 2 2 2 2 2 2 2 2 2 2 2 2 2 2 2 2 2 2 2 2 2 2 2 2 2 2 2 2 2 1.8834880590438842773 1.0038676261901855469 1 1 1 1 1 1 1 1 1 1 1 1 1 1 1 1 1 1 1
1 1 1 1 1 1 1 1 1 1 1 1 1 1 1 1 1 1 1 1 1 1 1 1 1 1 1 1 1 1 1 1 1 0.88515603542327880859 0.11872348189353942871 0.99616044759750366211 1.1154646873474121094 2 2 2 2 2 2 2 2 2 2 2 2 2 2 2 2 2 2 2 2 2 2 2 2 2 2 2 2 2 2 2 2 2 2 2 2 2 2 1.8829753398895263672 1 1 1 1 1 1 1 1 1 1 1 1 1 1 1 1 1 1 1 1
1 1 1 1 1 1 1 1 1 1 1 1 1 1 1 1 1 1 1 1 1 1 1 1 1 1 1 1 1 1 1.1147290468215942383 1.9956995248794555664 1.9956994056701660156 1.880354762077331543 0.99619561433792114258 1.114928126335144043 1.9961960315704345703 2 2 2 2 2 2 2 2 2 2 2 2 2 2 2 2 2 2 2 2 2 2 2 2 2 2 2 2 2 2 2 2 2 2 2 2 2 2 1.8829753398895263672 1 1 1 1 1 1 1 1 1 1 1 1 1 1 1 1 1 1 1 1
1 1 1 1 1 1 1 1 1 1 1 1 1 1 1 1 1 1 1 1 1 1 1 1 1 1 1 1 1.1146539449691772461 1.9957394599914550781 1.9962303638458251953 2 2 1.8846553564071655273 1 1.1154246330261230469 2 2 2 2 2 2 2 2 2 2 2 2 2 2 2 2 2 2 2 2 2 2 2 2 2 2 2 2 2 2 2 2 2 2 2 2 2 2 1.8835138082504272461 1.0037620067596435547 1 1 1 1 1 1 1 1 1 1 1 1 1 1 1 1 1 1 1 1
1 1 1 1 1 1 1 1 1 1 1 1 1 1 1 1 1 1 1 1 1 1 1 1 1 1 1.1145788431167602539 1.9957793951034545898 1.9962652921676635742 2 2 2 2 1.8846554756164550781 1.1148974895477294922 1.996266484260559082 2 2 2 2 2 2 2 2 2 2 2 2 2 2 2 2 2 2 2 2 2 2 2 2 2 2 2 2 2 2 2 2 2 2 2 2 2 2 1.8830153942108154297 1 1 1 1 1 1 1 1 1 1 1 1 1 1 1 1 1 1 1 1 1
1 1 1 1 1 1 1 1 1 1 1 1 1 1 1 1 1 1 1 1 1 1 1 1 1.1145038604736328125 1.9958193302154541016 1.9963003396987915039 2 2 2 2 2 2 1.8846554756164550781 1.1153846979141235352 2 2 2 2 2 2 2 2 2 2 2 2 2 2 2 2 2 2 2 2 2 2 2 2 2 2 2 2 2 2 2 2 2 2 2 2 2 2 2 1.8830153942108154297 1 1 1 1 1 1 1 1 1 1 1 1 1 1 1 1 1 1 1 1 1
1 1 1 1 1 1 1 1 1 1 1 1 1 1 1 1 1 1 1 1 1 1 1 1.1144685745239257813 1.9963353872299194336 2 2 2 2 2 2 2 2 1.9995223283767700195 1.9963370561599731445 2 2 2 2 2 2 2 2 2 2 2 2 2 2 2 2 2 2 2 2 2 2 2 2 2 2 2 2 2 2 2 2 2 2 2 2 2 2 2 1.8830153942108154297 1 1 1 1 1 1 1 1 1 1 1 1 1 1 1 1 1 1 1 1 1
1 1 1 1 1 1 1 1 1 1 1 1 1 1 1 1 1 1 1 1 1.1143536567687988281 1.995899200439453125 1.995899200439453125 1.9963705539703369141 2 2 2 2 2 2 2 2 2.1148316860198974609 2.8810276985168457031 2 2 2 2 2 2 2 2 2 2 2 2 2 2 2 2 2 2 2 2 2 2 2 2 2 2 2 2 2 2 2 2 2 2 2 2 2 2 2 1.8835349082946777344 1.0036211013793945313 1 1 1 1 1 1 1 1 1 1 1 1 1 1 1 1 1 1 1 1 1
1 1 1 1 1 1 1 1 1 1 1 1 1 1 1 1 1.1141989231109619141 1.9959391355514526367 1.9959391355514526367 1.9959391355514526367 1.996405482292175293 2 2 2 2 2 2 2 2 2 2 2 2.1153044700622558594 2.8846554756164550781 2 2 2 2 2 2 2 2 2 2 2 2 2 2 2 2 2 2 2 2 2 2 2 2 2 2 2 2 2 2 2 2 2 2 2 2 2 2 2 1.8830554485321044922 1 1 1 1 1 1 1 1 1 1 1 1 1 1 1 1 1 1 1 1 1 1
1 1 1 1 1 1 1 1 1 1 1 1 1 1 1 1.1141636371612548828 1.9964401721954345703 2 2 2 2 2 2 2 2 2 2 2 2 2 2 2.1148011684417724609 2.8816018104553222656 2.0035572052001953125 2 2 2 2 2 2 2 2 2 2 2 2 2 2 2 2 2 2 2 2 2 2 2 2 2 2 2 2 2 2 2 2 2 2 2 2 2 2 2 1.8830554485321044922 1 1 1 1 1 1 1 1 1 1 1 1 1 1 1 1 1 1 1 1 1 1
1 1 1 1 1 1 1 1 1 1 1 1 1 1 1 1.1146246194839477539 2 2 2 2 2 2 2 2 2 2 2 2 2 2 2 2.1152646541595458984 2.8846955299377441406 2 2 2 2 2 2 2 2 2 2 2 2 2 2 2 2 2 2 2 2 2 2 2 2 2 2 2 2 2 2 2 2 2 2 2 2 2 2 2 2 1.8830554485321044922 1 1 1 1 1 1 1 1 1 1 1 1 1 1 1 1 1 1 1 1 1 0.88264435529708862305
1 1 1 1 1 1 1 1 1 1 1 1 1 1 1.1141328811645507813 1.9965107440948486328 2 2 2 2 2 2 2 2 2 2 2 2 2 2 2.1147704124450683594 2.9965131282806396484 2.8846955299377441406 2 2 2 2 2 2 2 2 2 2 2 2 2 2 2 2 2 2 2 2 2 2 2 2 2 2 2 2 2 2 2 2 2 2 2 2 2 2 2 1.8835561275482177734 1.0034801959991455078 1 1 1 1 1 1 1 1 1 1 1 1 1 1 1 1 1 1 1 1 0.88267946243286132813 0.0034767170436680316925
1 1 1 1 1 1 1 1 1 1 1 1 1 1 1.1145846843719482422 2 2 2 2 2 2 2 2 2 2 2 2 2 2 2 2.1152245998382568359 3 2.8846955299377441406 2 2 2 2 2 2 2 2 2 2 2 2 2 2 2 2 2 2 2 2 2 2 2 2 2 2 2 2 2 2 2 2 2 2 2 2 2 2 2 1.8830953836441040039 1 1 1 1 1 1 1 1 1 1 1 1 1 1 1 1 1 1 1 1 0.88271462917327880859 0.003441633889451622963 1.9057445899139935364e-10
1 1 1 1 1 1 1 1 1 1 1 1 1 1 1.1145846843719482422 2 2 2 2 2 2 2 2 2 2 2 2 2 2 2.1147398948669433594 2.9965837001800537109 3 2.8846955299377441406 2 2 2 2 2 2 2 2 2 2 2 2 2 2 2 2 2 2 2 2 2 2 2 2 2 2 2 2 2 2 2 2 2 2 2 2 2 1.8836264610290527344 1.0038610696792602539 1.0034097433090209961 1 1 1 1 1 1 1 1 1 1 1 1 1 1 1 1 1 1 1 0.88274979591369628906 0.0034065474756062030792 1.8877030494302005081e-10 0
1 1 1 1 1 1 1 1 1 1 1 1 1 1.1141067743301391602 1.9966167211532592773 2 2 2 2 2 2 2 2 2 2 2 2 2 2.1147046089172363281 2.9966189861297607422 3 3 2.8846955299377441406 2 2 2 2 2 2 2 2 2 2 2 2 2 2 2 2 2 2 2 2 2 2 2 2 2 2 2 2 2 2 2 2 2 2 2 1.8837014436721801758 1.0038211345672607422 1.0033748149871826172 1 1 1 1 1 1 1 1 1 1 1 1 1 1 1 1 1 1 0.88286459445953369141 0.003821235382929444313 0.003821235382929444313 0.0033714580349624156952 1.8696355574832068669e-10 0 0
1 1 1 1 1 1 1 1 1 1 1 1 1 1.1145446300506591797 2 2 2 2 2 2 2 2 2 2 2 2 2 2 2.1151444911956787109 3 3 3 2.8846955299377441406 2 2 2 2 2 2 2 2 2 2 2 2 2 2 2 2 2 2 2 2 2 2 2 2 2 2 2 2 2 2 2 2 1.8838163614273071289 1.0037811994552612305 1.0037811994552612305 1.0033397674560546875 1 1 1 1 1 1 1 1 1 1 1 1 1 1 1 1 1 0.88297945261001586914 0.0037812895607203245163 0.0037812895607203245163 0.0033366680145263671875 2.0985514714855213469e-10 2.0985514714855213469e-10 1.8515421140730126126e-10 0 0 0
1 1 1 1 1 1 1 1 1 1 1 1 1.1140761375427246094 1.9966872930526733398 2 2 2 2 2 2 2 2 2 2 2 2 2 2.1146738529205322266 2.9966895580291748047 3 3 2.8851666450500488281 2.0033099651336669922 2 2 2 2 2 2 2 2 2 2 2 2 2 2 2 2 2 2 2 2 2 2 2 2 2 2 2 2 2 2 1.8838914632797241211 1.0037412643432617188 1.0033049583435058594 1 1 1 1 1 1 1 1 1 1 1 1 1 1 1 1 1 1 0.88305449485778808594 0.0037413437385112047195 0.0033018682152032852173 2.0778860576609048394e-10 2.0778860576609048394e-10 1.8335585827422562488e-10 0 0 0 0 0 0
1 1 1 1 1 1 1 1 1 1 1 1 1.1145045757293701172 2 2 2 2 2 2 2 2 2 2 2 2 2 2 2.1151044368743896484 3 3 3 2.8847353458404541016 2 2 2 2 2 2 2 2 2 2 2 2 2 2 2 2 2 2 2 2 2 2 2 2 2 2 2 2 2 1.8839664459228515625 1.003701329231262207 1.0032700300216674805 1 1 1 1 1 1 1 1 1 1 1 1 1 1 1 1 1 0.88316935300827026367 0.0037013979163020849228 0.0037013979163020849228 0.0032669105567038059235 2.0572278602859483954e-10 1.8155763004124025883e-10 0 0 0 0 0 0 0 0 0
1 1 1 1 1 1 1 1 1 1 1 1 1.1145045757293701172 2 2 2 2 2 2 2 2 2 2 2 2 2 2 2.1151044368743896484 3 3 3 2.8847353458404541016 2 2 2 2 2 2 2 2 2 2 2 2 2 2 2 2 2 2 2 2 2 2 2 2 2 2 2 1.8840415477752685547 1.0036613941192626953 1.0032349824905395508 1 1 1 1 1 1 1 1 1 1 1 1 1 1 1 1 1 0.88324439525604248047 0.003661452094092965126 0.003232093295082449913 2.0365420461132544006e-10 2.0365419073353763224e-10 1.7974831345579644903e-10 0 0 0 0 0 0 0 0 0 0 0
1 1 1 1 1 1 1 1 1 1 1 1.1140500307083129883 1.9967932701110839844 2 2 2 2 2 2 2 2 2 2 2 2 2 2 2.1151044368743896484 3 3 3 2.8847353458404541016 2 2 2 2 2 2 2 2 2 2 2 2 2 2 2 2 2 2 2 2 2 2 2 2 2 1.8841166496276855469 1.0036214590072631836 1.0031999349594116211 1 1 1 1 1 1 1 1 1 1 1 1 1 1 1 1 0.8833592534065246582 0.0036215065047144889832 0.0036215062718838453293 0.0031971214339137077332 2.0158284763649447768e-10 1.7794431206308303217e-10 0 0 0 0 0 0 0 0 0 0 0 0 0 0
1 1 1 1 1 1 1 1 1 1 1 1.1144646406173706055 2 2 2 2 2 2 2 2 2 2 2 2 2 2 2 2.1151044368743896484 3 3 3 2.8847353458404541016 2 2 2 2 2 2 2 2 2 2 2 2 2 2 2 2 2 2 2 2 2 2 2 2 1.8841518163681030273 1.0031650066375732422 1 1 1 1 1 1 1 1 1 1 1 1 1 1 1 1 0.883434295654296875 0.0035815606825053691864 0.0031622864771634340286 1.9950874285967756805e-10 1.9950874285967756805e-10 1.7612938885136486533e-10 0 0 0 0 0 0 0 0 0 0 0 0 0 0 0 0
1 1 1 1 1 1 1 1 1 1 1.1140192747116088867 1.9968638420104980469 2 2 2 2 2 2 2 2 2 2 2 2 2 2 2 2.1151044368743896484 3 3 3 2.8847353458404541016 2 2 2 2 2 2 2 2 2 2 2 2 2 2 2 2 2 2 2 2 2 2 2 2 1.8837352991104125977 1 1 1 1 1 1 1 1 1 1 1 1 1 1 0.88354921340942382813 0.0035416148602962493896 0.0035416148602962493896 0.0031273004133254289627 1.9743187640308690334e-10 1.7431958654334778203e-10 0 0 0 0 0 0 0 0 0 0 0 0 0 0 0 0 0 0 0
1 1 1 1 1 1 1 1 1 1 1.114424586296081543 2 2 2 2 2 2 2 2 2 2 2 2 2 2 2 2 2.1151044368743896484 3 3 3 2.8847353458404541016 2 2 2 2 2 2 2 2 2 2 2 2 2 2 2 2 2 2 2 2 2 2 2 1.8841824531555175781 1.0030945539474487305 1 1 1 1 1 1 1 1 1 1 1 1 0.88362425565719604492 0.0035016690380871295929 0.0030924477614462375641 1.9535224826672248355e-10 1.9535224826672248355e-10 1.7249902894977964252e-10 0 0 0 0 0 0 0 0 0 0 0 0 0 0 0 0 0 0 0 0 0
1 1 1 1 1 1 1 1 1 1.1139885187149047852 1.9969344139099121094 2 2 2 2 2 2 2 2 2 2 2 2 2 2 2 2 2.1151044368743896484 3 3 3 2.8847353458404541016 2 2 2 2 2 2 2 2 2 2 2 2 2 2 2 2 2 2 2 2 2 2 2 1.8837753534317016602 1 1 1 1 1 1 1 1 1 1 1 0.88369935750961303711 0.0034617232158780097961 0.0030574472621083259583 1.9326985845058430868e-10 1.7068343960424670058e-10 0 0 0 0 0 0 0 0 0 0 0 0 0 0 0 0 0 0 0 0 0 0 0 0
1 1 1 1 1 1 1 1 1 1.1143846511840820313 2 2 2 2 2 2 2 2 2 2 2 2 2 2 2 2 2 2.1151044368743896484 3 3 2.8851697444915771484 2.0030272006988525391 2 2 2 2 2 2 2 2 2 2 2 2 2 2 2 2 2 2 2 2 2 2 1.8842129707336425781 1.003023982048034668 1 1 1 1 1 1 1 1 1 0.88377439975738525391 0.0034217773936688899994 0.0030224402435123920441 1.9118470695467237874e-10 1.6885727538440420403e-10 0 0 0 0 0 0 0 0 0 0 0 0 0 0 0 0 0 0 0 0 0 0 0 0 0 0
1 1 1 1 1 1 1 1 1.1139577627182006836 1.9970051050186157227 2 2 2 2 2 2 2 2 2 2 2 2 2 2 2 2 2 2.1151044368743896484 3 3 2.8847754001617431641 2 2 2 2 2 2 2 2 2 2 2 2 2 2 2 2 2 2 2 2 2 2 1.8842482566833496094 1.0029888153076171875 1 1 1 1 1 1 1 1 0.88384950160980224609 0.0033818318042904138565 0.0029874269384890794754 1.8909367127672993547e-10 1.6702557392722638951e-10 0 0 0 0 0 0 0 0 0 0 0 0 0 0 0 0 0 0 0 0 0 0 0 0 0 0 0 0
1 1 1 1 1 1 1 1.1139224767684936523 1.9970402717590332031 2 2 2 2 2 2 2 2 2 2 2 2 2 2 2 2 2 2 2.1151044368743896484 3 3 2.8847754001617431641 2 2 2 2 2 2 1.8848814964294433594 1.0033419132232666016 1.1185402870178222656 2 2 2 2 2 2 2 2 2 2 2 2 2 1.8838553428649902344 1 1 1 1 1 1 1 1 0.88388466835021972656 0.0029524071142077445984 1.8700305193242172663e-10 1.6519388634783638281e-10 0 0 0 0 0 0 0 0 0 0 0 0 0 0 0 0 0 0 0 0 0 0 0 0 0 0 0 0 0 0
1 1 1 1 1 1 1 1.114304661750793457 2 2 2 2 2 2 2 2 2 2 2 2 2 2 2 2 2 2 2 2.1151044368743896484 3 3 2.8847754001617431641 2 2 2 1.8849964141845703125 1.0033018589019775391 1.0033018589019775391 1.0029205083847045898 1 1.0003815889358520508 1.0033019781112670898 1.1185846328735351563 2 2 2 2 2 2 2 2 2 2 1.8842787742614746094 1.0029183626174926758 1 1 1 1 1 1 1 0.88391989469528198242 0.0029172489885240793228 1.6335942321088481322e-10 0 0 0 0 0 0 0 0 0 0 0 0 0 0 0 0 0 0 0 0 0 0 0 0 0 0 0 0 0 0 0 0
1 1 1 1 1 1 1 1.114304661750793457 2 2 2 2 2 2 2 2 2 2 2 2 2 2 2 2 2 2 2 2.1151044368743896484 3 3 2.8847754001617431641 1.8851114511489868164 1.0032619237899780273 1.0032619237899780273 1.0028855800628662109 1 1 1 1 1 1 1.0003772974014282227 1.0032620429992675781 1.1186290979385375977 2 2 2 2 2 2 2 2 1.8838952779769897461 1 1 1 1 1 1 0.88399499654769897461 0.0032619945704936981201 0.0028820876032114028931 1.6151487092219696251e-10 0 0 0 0 0 0 0 0 0 0 0 0 0 0 0 0 0 0 0 0 0 0 0 0 0 0 0 0 0 0 0 0 0
1 1 1 1 1 1 1 1.114304661750793457 2 2 2 2 2 2 2 2 2 2 2 2 2 2 2 2 2 2 2 2.0003709793090820313 2.0032219886779785156 2.0032219886779785156 1.8879975080490112305 1.002850651741027832 1 1 1 1 1 1 1 1 1 1 1 1.0003728866577148438 1.0032221078872680664 1.1186734437942504883 2 2 2 2 2 1.8843094110488891602 1.0028479099273681641 1 1 1 1 1 0.88403022289276123047 0.002847051713615655899 1.807145683097033384e-10 1.5966770960940124269e-10 0 0 0 0 0 0 0 0 0 0 0 0 0 0 0 0 0 0 0 0 0 0 0 0 0 0 0 0 0 0 0 0 0 0
1 1 1 1 1 1 1 1.114304661750793457 2 2 2 2 2 2 2 2 2 2 2 2 2 2 2 2 2 2 2 2 2 2 1.8847754001617431641 1 1 1 1 1 1 1 1 1 1 1 1 1 1 1.0003685951232910156 1.0031821727752685547 1.1187179088592529297 2 2 2 1.8839353322982788086 1 1 1 1 1 0.88406544923782348633 0.0028118824120610952377 1.5782508633321867819e-10 0 0 0 0 0 0 0 0 0 0 0 0 0 0 0 0 0 0 0 0 0 0 0 0 0 0 0 0 0 0 0 0 0 0 0 0
1 1 1 1 1 1 1 1.114304661750793457 2 2 2 2 2 2 2 2 2 2 2 2 2 2 2 2 2 2 2 2 2 1.8851773738861083984 1.0027800798416137695 1 1 1 1 1 1 1 1 1 1 1 1 1 1 1 1 1.0003641843795776367 1.0031421184539794922 1.0031421184539794922 1.0031421184539794922 1.0027774572372436523 1 1 1 1 0.88410067558288574219 0.0027767096180468797684 1.5597263758326818106e-10 0 0 0 0 0 0 0 0 0 0 0 0 0 0 0 0 0 0 0 0 0 0 0 0 0 0 0 0 0 0 0 0 0 0 0 0 0
1 1 1 1 1 1 1 1.114304661750793457 2 2 2 2 2 2 2 2 2 2 2 2 2 2 2 2 2 2 2 2 2 1.8848153352737426758 1 1 1 1 1 1 1 1 1 1 1 1 1 1 1 1 1 1 1 1 1 1 1 1 1 1 0.88373535871505737305 1.54117565931422007e-10 0 0 0 0 0 0 0 0 0 0 0 0 0 0 0 0 0 0 0 0 0 0 0 0 0 0 0 0 0 0 0 0 0 0 0 0 0 0
1 1 1 1 1 1 1 1.114304661750793457 2 2 2 2 2 2 2 2 2 2 2 2 2 2 2 2 2 2 2 2 2 1.8848153352737426758 1 1 1 1 1 1 1 1 1 1 1 1 1 1 1 1 1 1 1 1 1 1 1 1 1 0.88413125276565551758 0.0027062322478741407394 0 0 0 0 0 0 0 0 0 0 0 0 0 0 0 0 0 0 0 0 0 0 0 0 0 0 0 0 0 0 0 0 0 0 0 0 0 0 0
1 1 1 1 1 1 1 1.114304661750793457 2 2 2 2 2 2 2 2 2 2 2 2 2 2 2 2 2 2 2 2 2 1.8848153352737426758 1 1 1 1 1 1 1 1 1 1 1 1 1 1 1 1 1 1 1 1 1 1 1 1 0.88416647911071777344 0.0026710520032793283463 1.5039033907093823927e-10 0 0 0 0 0 0 0 0 0 0 0 0 0 0 0 0 0 0 0 0 0 0 0 0 0 0 0 0 0 0 0 0 0 0 0 0 0 0 0
1 1 1 1 1 1 1 1.114304661750793457 2 2 2 2 2 2 2 2 2 2 2 2 2 2 2 2 2 2 2 2 2 1.8848153352737426758 1 1 1 1 1 1 1 1 1 1 1 1 1 1 1 1 1 1 1 1 1 1 1 1 0.88381534814834594727 1.4852756524685872819e-10 0 0 0 0 0 0 0 0 0 0 0 0 0 0 0 0 0 0 0 0 0 0 0 0 0 0 0 0 0 0 0 0 0 0 0 0 0 0 0 0
1 1 1 1 1 1 1 1.114304661750793457 2 2 2 2 2 2 2 2 2 2 2 2 2 2 2 2 2 2 2 2 2 1.8848153352737426758 1 1 1 1 1 1 1 1 1 1 1 1 1 1 1 1 1 1 1 1 1 1 1 0.88419711589813232422 0.0026005634572356939316 0 0 0 0 0 0 0 0 0 0 0 0 0 0 0 0 0 0 0 0 0 0 0 0 0 0 0 0 0 0 0 0 0 0 0 0 0 0 0 0 0
1 1 1 1 1 1 1 1.114304661750793457 2 2 2 2 2 2 2 2 2 2 2 2 2 2 2 2 2 2 2 2 2 1.8848153352737426758 1 1 1 1 1 1 1 1 1 1 1 1 1 1 1 1 1 1 1 1 1 1 0.88423234224319458008 0.0025653748307377099991 1.4478764021053081024e-10 0 0 0 0 0 0 0 0 0 0 0 0 0 0 0 0 0 0 0 0 0 0 0 0 0 0 0 0 0 0 0 0 0 0 0 0 0 0 0 0 0
1 1 1 1 1 1 1 1.114304661750793457 2 2 2 2 2 2 2 2 2 2 2 2 2 2 2 2 2 2 2 2 2 1.8848153352737426758 1 1 1 1 1 1 1 1 1 1 1 1 1 1 1 1 1 1 1 1 1 1 0.88389533758163452148 1.4291710870306673087e-10 0 0 0 0 0 0 0 0 0 0 0 0 0 0 0 0 0 0 0 0 0 0 0 0 0 0 0 0 0 0 0 0 0 0 0 0 0 0 0 0 0 0
1 1 1 1 1 1 1.1139420270919799805 1.9975000619888305664 2 2 2 2 2 2 2 2 2 2 2 2 2 2 2 2 2 2 2 2 1.8851804733276367188 1.0024974346160888672 1 1 1 1 1 1 1 1 1 1 1 1 1 1 1 1 1 1 1 1 1 0.88426297903060913086 0.0024948751088231801987 0 0 0 0 0 0 0 0 0 0 0 0 0 0 0 0 0 0 0 0 0 0 0 0 0 0 0 0 0 0 0 0 0 0 0 0 0 0 0 0 0 0 0
1 1 1 1 1 1 1.1142646074295043945 2 2 2 2 2 2 2 2 2 2 2 2 2 2 2 2 2 2 2 2 2 1.8848553895950317383 1 1 1 1 1 1 1 1 1 1 1 1 1 1 1 1 1 1 1 1 1 0.88429820537567138672 0.0024596785660833120346 1.3915966989852535107e-10 0 0 0 0 0 0 0 0 0 0 0 0 0 0 0 0 0 0 0 0 0 0 0 0 0 0 0 0 0 0 0 0 0 0 0 0 0 0 0 0 0 0 0
1 1 1 1 1 1 1.1142646074295043945 2 2 2 2 2 2 2 2 2 2 2 2 2 2 2 2 2 2 2 2 2 1.8848553895950317383 1 1 1 1 1 1 1 1 1 1 1 1 1 1 1 1 1 1 1 1 1 0.88397538661956787109 1.3728143621882793468e-10 0 0 0 0 0 0 0 0 0 0 0 0 0 0 0 0 0 0 0 0 0 0 0 0 0 0 0 0 0 0 0 0 0 0 0 0 0 0 0 0 0 0 0 0
1 1 1 1 1 1 1.1142646074295043945 2 2 2 2 2 2 2 2 2 2 2 2 2 2 2 2 2 2 2 2 2 1.8848553895950317383 1 1 1 1 1 1 1 1 1 1 1 1 1 1 1 1 1 1 1 1 0.8843288421630859375 0.0023891676682978868484 0 0 0 0 0 0 0 0 0 0 0 0 0 0 0 0 0 0 0 0 0 0 0 0 0 0 0 0 0 0 0 0 0 0 0 0 0 0 0 0 0 0 0 0 0
1 1 1 1 1 1 1.1142646074295043945 2 2 2 2 2 2 2 2 2 2 2 2 2 2 2 2 2 2 2 2 2 1.8848553895950317383 1 1 1 1 1 1 1 1 1 1 1 1 1 1 1 1 1 1 1 1 0.8840153813362121582 1.3351109107162528744e-10 0 0 0 0 0 0 0 0 0 0 0 0 0 0 0 0 0 0 0 0 0 0 0 0 0 0 0 0 0 0 0 0 0 0 0 0 0 0 0 0 0 0 0 0 0
1 1 1 1 1 1 1.1142646074295043945 2 2 2 2 2 2 2 2 2 2 2 2 2 2 2 2 2 2 2 2 2 1.8848553895950317383 1 1 1 1 1 1 1 1 1 1 1 1 1 1 1 1 1 1 1 0.88435947895050048828 0.0023186504840850830078 0 0 0 0 0 0 0 0 0 0 0 0 0 0 0 0 0 0 0 0 0 0 0 0 0 0 0 0 0 0 0 0 0 0 0 0 0 0 0 0 0 0 0 0 0 0
1 1 1 1 1 1 1.1142646074295043945 2 2 2 2 2 2 2 2 2 2 2 2 2 2 2 2 2 2 2 2 2 1.8848553895950317383 1 1 1 1 1 1 1 1 1 1 1 1 1 1 1 1 1 1 0.88439476490020751953 0.0022834409028291702271 1.2973064289489855128e-10 0 0 0 0 0 0 0 0 0 0 0 0 0 0 0 0 0 0 0 0 0 0 0 0 0 0 0 0 0 0 0 0 0 0 0 0 0 0 0 0 0 0 0 0 0 0
1 1 1 1 1 1 1.1142646074295043945 2 2 2 2 2 2 2 2 2 2 2 2 2 2 2 2 2 2 2 2 1.8851882219314575195 1.0022500753402709961 1 1 1 1 1 1 1 1 1 1 1 1 1 1 1 1 1 1 0.88409537076950073242 1.2783950287253986744e-10 0 0 0 0 0 0 0 0 0 0 0 0 0 0 0 0 0 0 0 0 0 0 0 0 0 0 0 0 0 0 0 0 0 0 0 0 0 0 0 0 0 0 0 0 0 0 0
1 1 1 1 1 1 1.1142646074295043945 2 2 2 2 2 2 2 2 2 2 2 2 2 2 2 2 2 2 2 2 1.88489532470703125 1 1 1 1 1 1 1 1 1 1 1 1 1 1 1 1 1 1 0.88442540168762207031 0.0022129127755761146545 0 0 0 0 0 0 0 0 0 0 0 0 0 0 0 0 0 0 0 0 0 0 0 0 0 0 0 0 0 0 0 0 0 0 0 0 0 0 0 0 0 0 0 0 0 0 0 0
1 1 1 1 1 1 1.1142646074295043945 2 2 2 2 2 2 2 2 2 2 2 2 2 2 2 2 2 2 2 2 1.88489532470703125 1 1 1 1 1 1 1 1 1 1 1 1 1 1 1 1 1 0.88446062803268432617 0.0021776952780783176422 1.2404180460556801791e-10 0 0 0 0 0 0 0 0 0 0 0 0 0 0 0 0 0 0 0 0 0 0 0 0 0 0 0 0 0 0 0 0 0 0 0 0 0 0 0 0 0 0 0 0 0 0 0 0
1 1 1 1 1 1 1.1142646074295043945 2 2 2 2 2 2 2 2 2 2 2 2 2 2 2 2 2 2 2 2 1.88489532470703125 1 1 1 1 1 1 1 1 1 1 1 1 1 1 1 1 1 0.88417536020278930664 1.2214294853318818923e-10 0 0 0 0 0 0 0 0 0 0 0 0 0 0 0 0 0 0 0 0 0 0 0 0 0 0 0 0 0 0 0 0 0 0 0 0 0 0 0 0 0 0 0 0 0 0 0 0 0
1 1 1 1 1 1 1.1142646074295043945 2 2 2 2 2 2 2 2 2 2 2 2 2 2 2 2 2 2 2 2 1.88489532470703125 1 1 1 1 1 1 1 1 1 1 1 1 1 1 1 1 0.88449132442474365234 0.0021071557421237230301 0 0 0 0 0 0 0 0 0 0 0 0 0 0 0 0 0 0 0 0 0 0 0 0 0 0 0 0 0 0 0 0 0 0 0 0 0 0 0 0 0 0 0 0 0 0 0 0 0 0
1 1 1 1 1 1 1.1142646074295043945 2 2 2 2 2 2 2 2 2 2 2 2 2 2 2 2 2 2 2 2 1.88489532470703125 1 1 1 1 1 1 1 1 1 1 1 1 1 1 1 1 0.88421535491943359375 1.1833206636779891596e-10 0 0 0 0 0 0 0 0 0 0 0 0 0 0 0 0 0 0 0 0 0 0 0 0 0 0 0 0 0 0 0 0 0 0 0 0 0 0 0 0 0 0 0 0 0 0 0 0 0 0
1 1 1 1 1 1 1.1142646074295043945 2 2 2 2 2 2 2 2 2 2 2 2 2 2 2 2 2 2 2 2 1.88489532470703125 1 1 1 1 1 1 1 1 1 1 1 1 1 1 1 1 0.88421535491943359375 0 0 0 0 0 0 0 0 0 0 0 0 0 0 0 0 0 0 0 0 0 0 0 0 0 0 0 0 0 0 0 0 0 0 0 0 0 0 0 0 0 0 0 0 0 0 0 0 0 0 0
1 1 1 1 1 1.1139659881591796875 1.9979953765869140625 2 2 2 2 2 2 2 2 2 2 2 2 2 2 2 2 2 2 2 1.8851958513259887695 1.0020028352737426758 1 1 1 1 1 1 1 1 1 1 1 1 1 1 1 1 0.88421535491943359375 0 0 0 0 0 0 0 0 0 0 0 0 0 0 0 0 0 0 0 0 0 0 0 0 0 0 0 0 0 0 0 0 0 0 0 0 0 0 0 0 0 0 0 0 0 0 0 0 0 0 0
