Predictor_variables/dem.asc
ncols        717
nrows        720
xllcorner    29.500000000000
yllcorner    -1.500000000000
cellsize     0.008333333333
NODATA_value -9999
[rows 185 to 221 of 720, columns 246 to 327 of 717]
936 930 937 919 924 931 932 935 938 971 981 991 1003 988 1009 998 987 983 980 972 975 983 998 1009 1011 1023 1040 1038 1041 1046 1055 1064 1053 1042 1039 1040 1038 1032 1047 1052 1053 1063 1052 1059 1065 1068 1062 1065 1055 1086 1079 1092 1102 1106 1093 1092 1073 1069 1070 1084 1064 1060 1036 1032 1031 1018 1036 1030 1021 1007 1030 1009 1004 998 993 986 977 997 1001 991 973 963
930 924 931 925 911 913 922 930 943 959 961 980 981 1005 988 982 983 970 962 959 965 982 990 1004 1019 1026 1042 1044 1058 1047 1060 1062 1058 1049 1051 1050 1040 1040 1048 1050 1057 1059 1063 1070 1061 1065 1068 1081 1074 1063 1089 1088 1090 1090 1092 1085 1087 1083 1079 1085 1110 1075 1043 1050 1033 1034 1048 1041 1027 1012 1037 1019 1006 1005 1008 988 979 1000 1014 986 980 967
932 926 913 920 907 928 935 928 937 950 965 965 984 996 972 972 975 956 948 957 967 985 1004 1014 1024 1032 1032 1048 1065 1060 1053 1050 1043 1054 1047 1030 1023 1037 1042 1053 1062 1059 1065 1081 1069 1076 1078 1077 1088 1074 1077 1096 1099 1079 1091 1089 1079 1088 1088 1102 1105 1133 1114 1067 1052 1038 1044 1043 1029 1019 1032 1016 1018 1025 1006 1001 986 1003 1007 997 979 968
921 909 913 918 920 928 943 947 957 959 980 980 987 981 964 961 961 946 955 976 997 1009 1009 1020 1032 1051 1053 1064 1061 1054 1058 1056 1035 1031 1042 1048 1022 1027 1044 1053 1056 1043 1045 1053 1062 1070 1084 1084 1085 1097 1093 1074 1080 1080 1083 1070 1075 1087 1093 1098 1101 1108 1169 1104 1063 1048 1061 1044 1044 1023 1030 1039 1032 1032 1014 996 989 1009 1023 992 983 970
916 902 904 914 930 934 936 950 955 970 976 986 970 969 960 943 953 941 960 993 994 1009 1007 1029 1028 1037 1063 1065 1050 1044 1052 1049 1041 1033 1041 1032 1013 1033 1024 1030 1041 1048 1041 1050 1060 1057 1062 1071 1096 1101 1096 1088 1074 1072 1077 1073 1081 1084 1094 1087 1098 1098 1112 1129 1100 1061 1055 1059 1047 1027 1023 1045 1046 1030 1015 995 998 1006 1022 1000 983 975
906 898 914 931 942 942 949 938 953 960 953 985 969 950 952 938 926 948 962 972 979 997 1005 1018 1036 1053 1040 1040 1038 1026 1042 1043 1033 1031 1017 1030 1014 1029 1027 1048 1048 1037 1059 1047 1049 1044 1067 1078 1081 1092 1096 1098 1086 1071 1074 1067 1081 1087 1066 1083 1101 1094 1101 1116 1114 1086 1071 1052 1039 1030 1032 1043 1048 1025 1016 1004 1014 999 1022 1002 986 993
897 899 902 920 928 928 935 932 939 944 962 980 966 954 932 922 941 945 964 975 987 1001 1022 1025 1027 1049 1039 1039 1031 1025 1037 1033 1028 1034 1018 1016 1023 1039 1036 1035 1052 1052 1040 1070 1067 1053 1072 1073 1090 1108 1086 1092 1085 1076 1067 1064 1082 1072 1084 1090 1099 1086 1097 1116 1089 1091 1065 1052 1041 1043 1038 1050 1053 1036 1028 1007 1015 1011 1026 1010 1000 1007
888 891 902 911 936 932 920 915 925 952 966 974 946 941 926 916 947 954 960 975 1000 1008 1020 1018 1028 1035 1031 1019 1026 1021 1027 1023 1021 1012 1020 1029 1033 1037 1043 1039 1043 1052 1061 1065 1077 1073 1084 1088 1086 1098 1095 1078 1070 1083 1080 1072 1068 1069 1067 1063 1093 1095 1094 1084 1088 1092 1062 1049 1058 1054 1046 1048 1066 1042 1019 1018 1033 1011 1033 1010 1004 994
901 905 903 918 935 910 903 913 950 953 943 950 945 923 914 928 953 975 978 981 1003 1017 1009 1007 1004 1022 1020 1020 1009 1018 1007 1016 1017 1014 1027 1041 1040 1043 1049 1051 1052 1051 1059 1062 1078 1081 1074 1090 1100 1088 1081 1086 1078 1074 1060 1061 1065 1074 1076 1085 1092 1086 1077 1086 1103 1082 1064 1053 1066 1063 1054 1047 1059 1050 1030 1035 1035 1012 1029 1022 1013 996
886 889 885 909 891 890 905 926 948 934 930 922 934 914 924 939 945 960 996 993 1012 1000 1011 1002 1004 1000 1015 1002 1010 1005 998 1002 1001 1015 1034 1034 1038 1044 1054 1062 1060 1061 1071 1074 1084 1096 1095 1090 1073 1084 1082 1071 1074 1070 1063 1061 1076 1081 1084 1080 1071 1070 1083 1091 1090 1098 1071 1061 1072 1081 1072 1053 1065 1072 1061 1043 1024 1029 1017 1040 1025 1007
881 877 875 880 878 894 920 932 923 914 903 916 915 903 941 956 959 976 997 988 1006 990 988 997 995 992 1002 997 1020 996 1021 1030 1008 1015 1017 1013 1025 1037 1044 1043 1041 1059 1072 1080 1081 1101 1094 1083 1085 1063 1068 1070 1077 1064 1053 1058 1066 1081 1067 1074 1073 1053 1068 1075 1084 1085 1083 1069 1079 1079 1058 1050 1064 1073 1063 1042 1043 1033 1024 1040 1034 1015
879 854 864 887 894 904 909 912 903 896 892 915 898 914 933 950 972 995 995 973 1003 984 973 991 991 981 983 1003 995 1018 1023 1015 1033 1018 1031 1037 1019 1021 1023 1028 1051 1059 1072 1067 1080 1095 1095 1079 1070 1077 1069 1057 1070 1060 1052 1062 1074 1055 1070 1066 1064 1076 1077 1074 1070 1088 1082 1078 1087 1092 1072 1081 1059 1076 1071 1057 1054 1029 1042 1024 1044 1030
837 848 862 884 899 906 889 896 903 875 908 894 908 925 931 945 982 978 982 972 975 969 979 985 1000 979 1003 989 1001 1010 1016 1036 1033 1029 1019 1044 1035 1044 1046 1044 1034 1049 1055 1062 1062 1081 1089 1082 1072 1071 1063 1066 1068 1037 1065 1070 1065 1059 1050 1056 1057 1049 1054 1078 1089 1076 1083 1097 1092 1097 1083 1072 1069 1089 1076 1060 1041 1054 1041 1050 1048 1040
823 844 869 880 899 906 890 873 862 887 896 889 919 946 953 958 972 962 975 960 955 966 978 987 988 979 1002 1008 1018 1031 1030 1037 1040 1051 1048 1027 1041 1051 1055 1053 1055 1047 1053 1071 1077 1078 1088 1075 1082 1078 1071 1060 1058 1036 1053 1060 1062 1057 1052 1063 1073 1063 1064 1085 1088 1093 1096 1089 1106 1111 1093 1086 1077 1092 1066 1055 1057 1056 1049 1051 1048 1033
827 859 873 887 904 880 884 859 866 887 877 899 923 929 940 963 942 953 963 944 961 971 981 982 979 982 1002 1013 1011 1022 1019 1040 1042 1052 1048 1048 1048 1063 1070 1062 1047 1061 1055 1071 1078 1088 1087 1079 1058 1070 1059 1064 1060 1034 1051 1059 1051 1057 1044 1052 1064 1075 1062 1072 1071 1081 1080 1098 1102 1118 1110 1089 1084 1098 1075 1063 1073 1063 1062 1060 1039 1029
850 862 876 896 876 866 843 851 872 877 874 900 906 919 935 956 933 943 947 938 943 952 967 971 979 985 990 985 991 1000 1006 1016 1022 1034 1055 1054 1067 1063 1071 1075 1061 1070 1064 1072 1088 1089 1079 1063 1061 1045 1040 1052 1033 1033 1053 1060 1052 1049 1041 1063 1062 1069 1070 1065 1073 1070 1084 1094 1079 1094 1113 1099 1108 1106 1096 1099 1084 1084 1069 1057 1047 1046
849 884 876 873 865 847 844 850 858 871 866 877 886 907 931 935 932 922 931 939 958 963 986 997 991 1001 1006 1017 1003 1008 1025 1028 1020 1028 1038 1061 1079 1103 1101 1085 1082 1080 1077 1076 1071 1077 1068 1067 1043 1053 1044 1049 1040 1033 1048 1051 1054 1040 1053 1056 1058 1061 1057 1049 1056 1073 1078 1077 1081 1098 1122 1097 1124 1155 1157 1145 1104 1076 1080 1066 1059 1058
847 852 861 858 848 821 840 835 863 867 870 874 877 900 923 912 915 928 943 944 950 982 985 991 1006 1011 1016 1014 1015 1006 1031 1042 1020 1039 1045 1054 1071 1092 1086 1096 1081 1062 1054 1049 1049 1076 1080 1066 1054 1038 1049 1047 1045 1029 1065 1056 1051 1031 1049 1056 1056 1042 1048 1058 1067 1082 1070 1087 1093 1094 1108 1124 1139 1168 1152 1131 1129 1089 1075 1052 1052 1034
829 830 836 842 805 816 816 829 849 869 894 895 899 893 904 900 904 922 927 948 946 958 967 975 973 996 1011 1024 1017 1046 1023 1025 1050 1043 1042 1065 1077 1085 1074 1078 1053 1047 1031 1030 1040 1052 1059 1059 1050 1045 1040 1036 1026 1038 1051 1056 1042 1028 1050 1048 1035 1044 1068 1064 1059 1062 1064 1076 1079 1100 1116 1125 1162 1151 1135 1122 1127 1095 1073 1070 1046 1058
805 812 810 788 787 800 808 860 874 893 909 905 911 896 913 908 916 923 936 958 958 968 975 989 988 983 1001 1026 1031 1039 1047 1036 1046 1063 1063 1063 1079 1082 1068 1041 1029 1010 1003 1014 1024 1041 1058 1060 1046 1038 1041 1032 1037 1046 1040 1043 1039 1036 1058 1041 1042 1046 1059 1064 1075 1075 1082 1080 1082 1096 1100 1118 1134 1139 1132 1111 1110 1116 1084 1074 1055 1055
790 758 751 750 780 813 836 839 867 891 915 924 927 912 918 931 928 951 951 959 977 978 969 982 995 1006 1011 1026 1034 1040 1055 1055 1060 1069 1066 1068 1079 1057 1035 1040 1025 999 1006 1025 1032 1051 1041 1045 1043 1034 1029 1033 1050 1037 1047 1031 1023 1029 1046 1027 1039 1052 1075 1070 1065 1068 1082 1089 1083 1099 1090 1137 1141 1122 1134 1132 1113 1109 1103 1081 1069 1060
746 690 746 747 807 827 864 855 870 890 924 929 939 932 931 948 944 970 966 980 991 988 990 987 989 998 1006 1020 1042 1043 1040 1054 1063 1060 1046 1063 1062 1044 1023 1032 1004 993 991 1004 1023 1039 1022 1028 1031 1016 1032 1031 1032 1024 1022 1026 1047 1034 1043 1029 1047 1048 1051 1062 1048 1070 1067 1073 1090 1095 1099 1117 1132 1130 1117 1104 1108 1108 1110 1113 1100 1084
702 756 755 799 821 849 864 864 881 897 910 929 936 945 960 957 967 981 977 992 1003 1008 986 1006 1004 994 1017 1030 1043 1023 1046 1053 1040 1050 1048 1069 1040 1030 1016 1020 1015 996 989 1007 1023 1039 1025 1014 1023 1012 1022 1020 1030 1010 1027 1034 1040 1023 1026 1042 1046 1032 1035 1049 1062 1071 1082 1085 1103 1105 1095 1107 1136 1130 1121 1120 1116 1097 1114 1104 1104 1115
727 766 786 818 838 862 878 875 880 904 912 915 924 928 940 951 960 975 992 1005 1021 1023 998 999 1005 1013 1013 1025 1021 1016 1040 1042 1052 1028 1038 1038 1036 1014 1004 1012 1016 1003 979 1003 1017 1032 1014 1023 999 1014 1021 1025 1014 1008 1015 1026 1026 1022 1034 1038 1038 1041 1050 1051 1057 1080 1073 1082 1086 1107 1098 1109 1119 1113 1098 1109 1102 1094 1109 1091 1111 1108
722 743 766 789 845 866 891 902 902 900 902 926 931 941 955 961 977 978 985 1017 1022 1000 1005 1021 1015 1020 998 1016 1016 1011 1026 1025 1025 1014 1013 1016 1019 1020 992 1007 1010 1006 981 988 996 1019 1006 989 994 1012 1000 1001 1000 997 1002 1008 1010 1024 1023 1024 1036 1048 1062 1072 1064 1067 1068 1072 1090 1101 1103 1086 1107 1089 1084 1091 1098 1099 1097 1089 1101 1100
718 741 759 827 837 861 895 898 915 924 918 919 932 948 959 958 979 990 992 1003 993 995 993 990 1002 998 983 996 1000 1013 1015 1018 1019 991 1001 1008 1013 1039 1004 991 994 1004 979 974 986 1008 1004 997 980 993 989 992 999 1010 1016 1018 1016 1037 1044 1027 1041 1046 1062 1069 1068 1071 1071 1074 1092 1092 1073 1093 1097 1086 1071 1078 1079 1087 1098 1093 1086 1101
702 759 772 799 829 875 881 883 903 900 915 933 933 943 952 962 953 946 969 980 962 969 964 970 997 991 971 979 989 998 1017 1014 992 977 984 989 1009 1022 1015 998 985 984 982 964 977 984 987 989 978 994 996 1006 1014 1025 1031 1039 1030 1042 1035 1053 1035 1059 1056 1071 1080 1077 1064 1066 1083 1080 1066 1079 1078 1079 1065 1067 1059 1087 1102 1101 1101 1083
703 735 759 805 833 853 862 881 908 893 913 912 912 920 936 959 932 929 940 959 946 945 955 983 993 970 962 975 993 1005 1008 981 972 979 971 989 1002 1012 998 1009 993 969 975 958 981 985 969 974 968 983 992 1005 1008 1022 1024 1042 1035 1047 1053 1040 1055 1042 1050 1049 1069 1058 1050 1055 1076 1050 1056 1068 1064 1061 1053 1058 1072 1094 1109 1103 1091 1082
704 723 764 801 831 874 872 897 892 884 896 906 918 931 942 952 936 923 936 950 931 929 954 975 971 954 958 965 975 981 983 980 967 963 963 977 992 1010 1001 989 997 982 967 954 972 968 955 955 963 971 985 995 1001 1019 1027 1044 1056 1045 1064 1061 1062 1053 1042 1035 1039 1048 1048 1054 1069 1051 1046 1055 1040 1050 1050 1053 1076 1093 1104 1103 1097 1092
732 753 770 802 842 855 862 882 868 874 887 885 910 929 922 926 906 914 936 927 912 934 957 976 957 946 947 946 963 964 981 963 966 953 967 985 996 985 986 975 989 979 972 947 959 948 960 976 978 988 1003 1010 1020 1023 1050 1043 1049 1066 1062 1050 1041 1032 1029 1024 1034 1032 1027 1043 1049 1032 1039 1036 1042 1048 1058 1071 1087 1108 1109 1100 1102 1099
744 763 796 828 832 848 882 867 867 884 896 901 916 909 902 907 896 904 921 908 915 940 974 960 940 932 930 944 957 975 971 957 945 947 959 973 986 969 974 977 966 977 957 943 945 954 971 992 994 1000 1001 1006 1004 1008 1019 1027 1044 1062 1044 1033 1030 1027 1017 1016 1012 1022 1024 1035 1044 1029 1039 1063 1056 1060 1068 1079 1082 1103 1099 1091 1084 1089
720 774 778 815 840 854 874 852 855 885 897 906 911 894 887 898 905 884 891 894 914 954 948 942 914 929 941 953 964 976 966 956 939 964 972 986 975 963 954 960 947 961 953 940 958 952 962 966 975 976 989 986 989 1011 1029 1035 1038 1056 1040 1027 1019 1013 1012 1011 1030 1014 1019 1021 1030 1025 1040 1046 1045 1055 1067 1067 1083 1107 1105 1093 1092 1087
729 763 796 815 835 861 858 841 863 881 902 893 888 886 873 897 895 886 897 919 943 938 931 915 918 937 960 964 969 968 966 944 935 959 965 977 972 962 951 937 947 949 938 949 979 982 968 969 971 982 998 990 998 1011 1024 1038 1050 1053 1032 1022 1017 1002 1017 1026 1026 1039 1035 1032 1030 1024 1032 1035 1055 1058 1052 1073 1082 1122 1111 1103 1100 1088
737 782 803 796 819 860 843 842 859 876 903 872 879 883 860 881 860 877 895 933 929 931 902 915 937 937 943 940 954 956 954 943 940 954 970 981 957 941 945 929 929 934 949 963 977 990 988 984 998 991 1009 1010 1008 1008 1021 1028 1044 1051 1029 1026 1003 1028 1033 1037 1044 1048 1041 1050 1045 1037 1045 1034 1044 1053 1062 1070 1086 1105 1114 1112 1099 1097
720 759 762 777 810 822 828 843 865 881 879 863 860 865 847 863 865 882 913 921 910 904 897 926 935 927 925 931 952 955 942 946 924 955 978 967 964 938 926 935 943 953 946 962 970 982 1003 996 1004 998 1008 1018 1023 1031 1036 1049 1045 1039 1023 1011 1002 1015 1025 1045 1058 1064 1061 1068 1054 1041 1055 1054 1041 1047 1057 1063 1082 1086 1104 1110 1117 1104
715 750 765 776 794 804 821 848 865 861 880 861 840 835 847 858 872 895 900 902 883 888 911 928 906 927 912 926 942 948 941 922 932 939 962 964 967 951 921 940 947 960 964 963 966 981 998 1009 1018 1013 1020 1019 1030 1036 1034 1036 1042 1039 1030 1015 997 995 1011 1030 1037 1031 1047 1068 1068 1064 1050 1050 1065 1056 1057 1068 1079 1095 1103 1113 1103 1088
727 752 796 797 807 822 846 833 836 865 853 842 825 841 861 876 879 884 878 876 876 898 905 892 904 903 906 922 926 927 932 928 934 948 947 961 944 940 919 943 949 965 974 979 987 989 1004 990 1005 998 1004 997 1004 1005 1032 1027 1038 1033 1038 1021 1008 997 1013 1008 1019 1040 1044 1044 1069 1080 1069 1052 1060 1071 1062 1068 1082 1085 1099 1095 1107 1102
