Predictor_variables/dem.asc
ncols        717
nrows        720
xllcorner    29.500000000000
yllcorner    -1.500000000000
cellsize     0.008333333333
NODATA_value -9999
[rows 222 to 258 of 720, columns 410 to 491 of 717]
1039 1038 1014 1036 1028 1043 1030 1042 1045 1037 1022 1033 1047 1054 1065 1054 1048 1051 1074 1072 1074 1076 1082 1083 1079 1056 1059 1074 1069 1048 1066 1063 1044 1050 1053 1075 1078 1079 1078 1061 1060 1077 1071 1086 1072 1088 1090 1089 1089 1087 1083 1072 1064 1050 1053 1065 1055 1048 1054 1037 1031 1029 1038 1045 1056 1065 1069 1076 1090 1088 1079 1076 1060 1052 1067 1085 1097 1270 1154 1117 1115 1136
1029 1031 1012 1023 1037 1039 1023 1037 1017 1024 1028 1032 1037 1044 1067 1060 1045 1062 1057 1067 1060 1071 1074 1081 1076 1047 1047 1053 1048 1045 1062 1058 1043 1058 1064 1069 1060 1073 1062 1054 1062 1073 1070 1081 1066 1082 1080 1090 1088 1079 1068 1063 1055 1066 1066 1066 1072 1070 1061 1040 1033 1029 1034 1047 1045 1048 1058 1076 1076 1088 1086 1081 1071 1050 1062 1065 1091 1118 1114 1097 1094 1113
1018 1022 1013 1024 1039 1033 1020 1012 1015 1033 1046 1039 1053 1061 1063 1048 1042 1051 1051 1067 1058 1056 1070 1075 1077 1062 1048 1046 1042 1043 1064 1058 1043 1052 1060 1050 1064 1060 1056 1052 1065 1063 1071 1071 1066 1078 1076 1086 1082 1083 1085 1074 1068 1077 1075 1079 1072 1051 1048 1041 1040 1031 1032 1037 1043 1051 1066 1066 1082 1091 1089 1074 1059 1051 1048 1056 1084 1095 1105 1089 1086 1088
1016 1000 1013 1027 1033 1021 1005 1008 1027 1030 1044 1052 1057 1056 1055 1036 1040 1058 1065 1069 1044 1049 1072 1065 1080 1070 1062 1038 1034 1044 1057 1050 1036 1057 1061 1047 1058 1042 1045 1059 1070 1054 1063 1065 1069 1064 1080 1085 1069 1083 1091 1083 1085 1082 1081 1071 1061 1063 1061 1054 1040 1033 1032 1038 1050 1060 1072 1071 1078 1072 1084 1080 1066 1058 1049 1073 1082 1084 1102 1084 1075 1088
1007 1000 996 1023 1037 1023 1009 1027 1036 1039 1045 1045 1060 1052 1039 1029 1052 1058 1068 1057 1044 1052 1071 1058 1065 1067 1049 1043 1041 1031 1056 1051 1038 1053 1050 1040 1042 1047 1059 1066 1070 1048 1064 1050 1067 1060 1065 1061 1073 1084 1090 1077 1076 1070 1076 1069 1068 1067 1053 1050 1035 1038 1033 1038 1043 1054 1060 1059 1065 1064 1071 1079 1061 1056 1047 1065 1064 1073 1085 1070 1077 1085
996 998 1000 1009 997 1000 1013 1016 1021 1027 1041 1052 1045 1042 1025 1043 1049 1053 1057 1038 1045 1067 1070 1059 1063 1065 1056 1059 1050 1030 1046 1038 1045 1053 1038 1039 1036 1055 1056 1060 1050 1055 1063 1052 1057 1053 1055 1072 1079 1085 1092 1077 1067 1061 1059 1057 1062 1053 1049 1039 1046 1053 1041 1035 1038 1039 1043 1045 1051 1055 1065 1061 1046 1046 1044 1054 1057 1080 1087 1067 1070 1094
1007 999 999 1006 1000 997 1014 1007 1022 1045 1049 1047 1048 1026 1023 1036 1059 1059 1042 1036 1045 1058 1068 1055 1057 1060 1039 1048 1040 1032 1046 1030 1042 1029 1031 1035 1033 1040 1039 1040 1040 1042 1043 1045 1048 1047 1064 1069 1080 1089 1092 1087 1073 1079 1063 1055 1053 1043 1044 1039 1051 1061 1047 1035 1037 1035 1037 1038 1041 1043 1051 1043 1045 1056 1047 1050 1058 1075 1079 1064 1066 1082
1014 1002 1002 1008 997 1008 1021 1022 1028 1031 1042 1027 1048 1031 1023 1040 1054 1047 1030 1043 1054 1056 1056 1054 1053 1057 1033 1032 1030 1036 1035 1025 1025 1042 1049 1051 1049 1047 1047 1047 1059 1054 1049 1062 1062 1061 1055 1059 1074 1073 1085 1093 1085 1076 1070 1063 1049 1053 1052 1041 1056 1060 1044 1037 1046 1035 1038 1039 1041 1040 1040 1044 1056 1072 1080 1067 1050 1056 1054 1059 1060 1063
1029 1007 1010 1012 1000 1005 1007 1023 1028 1018 1034 1028 1037 1019 1034 1043 1045 1030 1033 1048 1061 1059 1041 1041 1056 1054 1044 1020 1034 1020 1029 1033 1045 1052 1055 1056 1060 1059 1059 1060 1065 1074 1070 1075 1070 1082 1074 1058 1064 1067 1086 1084 1072 1068 1056 1054 1065 1062 1054 1045 1059 1046 1047 1058 1051 1039 1037 1039 1052 1059 1053 1050 1052 1067 1080 1083 1076 1070 1063 1056 1066 1073
1030 1014 1012 999 1006 1008 1008 1021 1017 1019 1021 1014 1013 1034 1039 1040 1021 1029 1044 1058 1055 1050 1038 1036 1054 1043 1032 1018 1040 1044 1041 1043 1043 1040 1039 1039 1038 1047 1049 1056 1060 1066 1075 1083 1081 1082 1081 1073 1081 1082 1093 1091 1080 1064 1062 1074 1069 1066 1046 1051 1060 1048 1060 1072 1050 1050 1050 1041 1048 1067 1068 1063 1071 1067 1075 1090 1115 1081 1084 1074 1067 1074
1037 1030 999 1001 1002 1014 1018 1018 1004 1008 1008 1013 1023 1031 1023 1022 1019 1035 1042 1058 1057 1032 1026 1042 1048 1035 1025 1018 1030 1032 1024 1040 1032 1044 1050 1057 1052 1055 1064 1051 1051 1055 1064 1064 1069 1075 1085 1085 1082 1082 1090 1083 1075 1074 1082 1077 1065 1052 1049 1050 1069 1054 1058 1073 1058 1064 1060 1042 1057 1065 1074 1078 1078 1085 1089 1096 1293 1162 1112 1094 1083 1075
1043 1022 1012 1007 1004 1001 1008 1000 1008 1004 1009 1021 1028 1019 1020 1029 1038 1048 1054 1053 1038 1031 1041 1041 1046 1036 1016 1014 1035 1029 1036 1044 1042 1042 1054 1066 1052 1050 1068 1070 1070 1060 1068 1078 1079 1087 1081 1074 1066 1079 1088 1087 1084 1090 1080 1064 1063 1076 1061 1052 1065 1064 1060 1071 1064 1074 1072 1043 1045 1061 1069 1077 1079 1080 1088 1113 1425 1447 1200 1119 1099 1091
1027 1019 1023 1012 1006 1006 1011 1019 1014 1005 1021 1020 1011 1015 1026 1030 1034 1046 1048 1046 1033 1024 1042 1035 1011 1015 1017 1025 1044 1053 1048 1054 1052 1060 1060 1072 1059 1060 1066 1080 1075 1076 1080 1078 1081 1083 1080 1058 1068 1074 1072 1086 1087 1085 1086 1074 1078 1079 1055 1061 1071 1071 1058 1078 1076 1073 1055 1046 1054 1047 1051 1062 1064 1066 1090 1097 1287 1348 1357 1128 1117 1101
1031 1033 1031 1017 1021 1012 1013 1024 1011 1007 1013 1008 1016 1015 1017 1022 1040 1048 1037 1037 1045 1015 1028 1014 1023 1021 1034 1036 1034 1044 1052 1063 1060 1063 1065 1074 1073 1069 1074 1073 1079 1086 1086 1071 1063 1067 1077 1055 1061 1057 1064 1079 1069 1077 1090 1083 1081 1073 1059 1068 1078 1065 1074 1082 1071 1057 1048 1064 1070 1065 1049 1052 1068 1073 1077 1095 1110 1162 1251 1236 1136 1110
1052 1033 1019 1013 1032 1031 1013 1027 1005 1006 1003 1016 1020 1019 1022 1032 1035 1040 1044 1025 1040 1024 1011 1021 1036 1033 1035 1050 1043 1040 1055 1055 1039 1047 1054 1058 1062 1072 1067 1056 1076 1069 1073 1069 1053 1067 1062 1049 1050 1072 1072 1073 1062 1077 1087 1093 1093 1083 1064 1074 1080 1072 1081 1080 1066 1054 1056 1072 1078 1069 1056 1055 1060 1064 1076 1096 1111 1132 1152 1406 1188 1122
1055 1054 1034 1022 1037 1033 1034 1031 1028 1015 1013 1010 1019 1017 1020 1020 1021 1029 1037 1023 1018 1010 1031 1027 1043 1052 1045 1055 1064 1060 1057 1039 1044 1051 1054 1047 1049 1062 1053 1054 1065 1060 1067 1059 1047 1062 1042 1046 1067 1068 1065 1056 1067 1075 1067 1087 1084 1071 1067 1080 1087 1076 1084 1077 1070 1061 1066 1078 1078 1063 1059 1065 1056 1060 1081 1088 1101 1114 1131 1285 1491 1144
1065 1063 1053 1044 1033 1031 1038 1042 1034 1025 1014 1005 1016 1016 1017 1016 1018 1022 1016 1008 1010 1016 1039 1038 1050 1049 1053 1054 1046 1049 1052 1044 1035 1043 1047 1034 1043 1055 1040 1043 1049 1065 1057 1062 1040 1051 1044 1061 1068 1053 1049 1055 1069 1058 1065 1078 1085 1080 1076 1076 1089 1089 1093 1080 1075 1064 1061 1073 1076 1082 1083 1080 1061 1061 1079 1087 1091 1104 1127 1197 1466 1428
1083 1074 1076 1070 1051 1049 1046 1027 1018 1023 1006 1007 1012 1007 1013 1014 1015 1009 1011 1024 1027 1037 1036 1030 1033 1041 1037 1046 1040 1034 1047 1043 1027 1032 1041 1032 1045 1037 1038 1055 1054 1054 1049 1057 1037 1047 1039 1038 1046 1042 1053 1058 1056 1064 1074 1084 1089 1095 1094 1084 1095 1103 1103 1075 1068 1072 1065 1075 1090 1094 1087 1071 1067 1064 1065 1073 1076 1089 1110 1134 1157 1536
1092 1078 1085 1084 1062 1040 1031 1018 1032 1017 1007 1005 1018 1023 1008 1015 1008 1014 1006 1012 1016 1030 1022 1026 1020 1027 1027 1032 1032 1030 1045 1034 1018 1025 1023 1031 1035 1030 1041 1053 1041 1046 1040 1046 1033 1047 1046 1058 1064 1064 1070 1074 1068 1062 1074 1078 1092 1097 1096 1094 1103 1098 1094 1087 1085 1082 1071 1070 1086 1093 1089 1090 1083 1069 1071 1078 1093 1094 1109 1120 1151 1324
1086 1094 1085 1074 1058 1053 1038 1028 1020 1021 1024 1011 1024 1033 1017 1006 1016 1019 1010 1013 1010 1016 1014 1009 1011 1010 1012 1012 1027 1031 1032 1016 1027 1025 1018 1024 1025 1025 1028 1026 1031 1027 1033 1037 1044 1055 1061 1060 1063 1054 1073 1073 1078 1074 1065 1072 1083 1089 1081 1094 1098 1083 1093 1090 1093 1089 1085 1072 1079 1087 1100 1097 1083 1074 1080 1089 1091 1100 1104 1107 1120 1141
1073 1089 1099 1084 1069 1068 1052 1034 1036 1030 1019 1014 1027 1039 1034 1027 1034 1029 1028 1018 1008 1010 1008 1015 1017 1013 1014 1012 1023 1013 1015 1023 1041 1043 1037 1037 1034 1029 1034 1039 1045 1037 1046 1048 1036 1040 1043 1057 1056 1061 1058 1062 1071 1083 1082 1082 1090 1080 1075 1089 1090 1073 1078 1076 1091 1091 1091 1090 1092 1094 1096 1088 1090 1093 1101 1092 1085 1088 1097 1094 1101 1108
1067 1082 1100 1088 1076 1076 1058 1042 1040 1033 1028 1016 1014 1036 1027 1036 1047 1041 1027 1012 1007 1017 1011 1019 1031 1024 1013 1013 1013 1033 1046 1041 1045 1049 1055 1054 1047 1042 1040 1058 1059 1041 1052 1059 1045 1055 1052 1057 1068 1081 1070 1080 1075 1073 1088 1087 1078 1070 1089 1085 1076 1079 1068 1075 1087 1083 1099 1091 1088 1082 1082 1087 1091 1093 1102 1081 1084 1085 1086 1088 1087 1096
1072 1087 1092 1098 1098 1087 1073 1060 1051 1030 1021 1030 1023 1040 1035 1050 1050 1031 1015 1012 1020 1021 1015 1022 1034 1031 1020 1012 1020 1036 1044 1038 1036 1033 1047 1046 1048 1057 1048 1064 1059 1046 1057 1058 1060 1055 1068 1066 1068 1085 1082 1086 1095 1087 1094 1085 1071 1063 1075 1076 1069 1080 1067 1071 1083 1078 1085 1082 1073 1072 1082 1085 1080 1084 1092 1079 1076 1080 1087 1086 1079 1077
1061 1068 1078 1093 1110 1089 1087 1058 1045 1034 1026 1039 1019 1030 1047 1051 1034 1022 1018 1019 1028 1033 1038 1026 1035 1041 1014 1015 1014 1023 1023 1019 1017 1019 1024 1029 1045 1050 1058 1070 1072 1067 1068 1071 1077 1071 1077 1076 1076 1078 1069 1083 1093 1085 1090 1093 1076 1064 1059 1070 1063 1077 1069 1064 1078 1070 1085 1085 1066 1066 1085 1083 1071 1073 1083 1068 1070 1092 1101 1085 1077 1073
1074 1073 1082 1097 1105 1093 1071 1052 1065 1054 1051 1035 1025 1025 1055 1056 1040 1023 1026 1024 1037 1049 1041 1030 1039 1026 1015 1023 1015 1019 1016 1021 1019 1031 1030 1044 1051 1062 1063 1068 1059 1078 1074 1073 1078 1066 1071 1072 1065 1063 1073 1086 1079 1068 1078 1088 1084 1067 1056 1069 1056 1056 1054 1066 1076 1063 1076 1073 1062 1080 1085 1078 1069 1066 1064 1066 1083 1091 1097 1098 1076 1070
1071 1084 1095 1102 1110 1080 1063 1070 1071 1060 1056 1041 1031 1030 1052 1048 1033 1027 1032 1017 1029 1051 1036 1050 1050 1031 1032 1018 1017 1020 1024 1022 1033 1038 1042 1046 1047 1051 1055 1055 1051 1068 1059 1065 1070 1048 1052 1054 1055 1062 1075 1087 1072 1065 1071 1074 1083 1069 1059 1059 1057 1050 1058 1075 1074 1058 1067 1057 1073 1080 1078 1074 1065 1060 1066 1078 1085 1088 1085 1087 1089 1069
1087 1075 1084 1099 1112 1080 1074 1080 1085 1068 1068 1049 1042 1041 1052 1044 1042 1030 1035 1024 1025 1048 1049 1060 1038 1040 1030 1014 1016 1027 1025 1018 1041 1037 1028 1034 1043 1040 1046 1044 1063 1070 1054 1055 1055 1042 1052 1064 1062 1075 1085 1091 1073 1059 1057 1074 1080 1073 1063 1050 1044 1046 1058 1072 1069 1053 1052 1053 1074 1080 1070 1065 1057 1058 1066 1078 1085 1082 1076 1080 1082 1077
1086 1098 1107 1107 1116 1092 1092 1105 1094 1084 1050 1061 1049 1057 1050 1038 1041 1035 1033 1040 1021 1048 1053 1053 1048 1050 1027 1039 1037 1032 1022 1017 1028 1021 1027 1033 1035 1031 1038 1057 1066 1068 1048 1048 1049 1044 1052 1062 1073 1084 1091 1085 1071 1059 1052 1054 1067 1076 1070 1066 1043 1056 1063 1070 1060 1059 1049 1063 1068 1062 1059 1052 1064 1073 1082 1083 1084 1070 1069 1071 1078 1076
1082 1082 1105 1101 1113 1115 1112 1101 1082 1061 1070 1071 1054 1074 1068 1050 1043 1037 1037 1030 1022 1041 1055 1051 1053 1042 1030 1057 1052 1030 1019 1018 1020 1019 1020 1024 1026 1038 1056 1056 1060 1063 1045 1034 1037 1055 1063 1070 1074 1082 1083 1080 1080 1073 1051 1052 1065 1068 1060 1051 1042 1044 1052 1063 1060 1048 1053 1066 1071 1051 1049 1061 1070 1072 1083 1079 1080 1078 1065 1071 1066 1062
1101 1088 1098 1109 1123 1127 1117 1104 1078 1080 1085 1080 1087 1075 1065 1066 1047 1052 1046 1028 1031 1040 1065 1060 1055 1047 1040 1055 1042 1023 1027 1027 1019 1023 1022 1020 1021 1026 1046 1042 1055 1046 1037 1035 1047 1066 1071 1066 1084 1079 1063 1070 1085 1072 1067 1047 1060 1066 1067 1060 1050 1040 1055 1058 1043 1049 1062 1073 1071 1060 1048 1060 1057 1067 1079 1064 1072 1077 1056 1062 1072 1056
1105 1106 1119 1138 1140 1137 1121 1101 1103 1089 1103 1096 1090 1076 1075 1064 1070 1063 1037 1031 1044 1041 1057 1063 1065 1060 1052 1049 1033 1023 1035 1039 1032 1024 1028 1020 1022 1037 1034 1045 1050 1042 1028 1056 1055 1059 1051 1066 1079 1068 1057 1069 1075 1067 1057 1046 1048 1053 1065 1062 1047 1038 1046 1056 1042 1048 1060 1073 1062 1057 1043 1050 1060 1071 1072 1060 1072 1070 1060 1062 1072 1066
1088 1106 1112 1121 1128 1137 1131 1098 1112 1107 1114 1109 1099 1094 1076 1067 1080 1066 1050 1049 1051 1054 1061 1056 1044 1048 1041 1026 1028 1029 1046 1045 1034 1026 1029 1022 1021 1030 1025 1031 1046 1028 1032 1048 1054 1045 1049 1055 1069 1074 1052 1056 1065 1072 1069 1044 1045 1065 1069 1057 1046 1037 1045 1052 1042 1040 1059 1063 1048 1053 1043 1061 1065 1058 1061 1056 1066 1070 1060 1049 1058 1048
1103 1111 1133 1117 1137 1135 1126 1106 1123 1123 1122 1097 1091 1089 1069 1074 1088 1077 1065 1052 1051 1076 1076 1069 1050 1039 1034 1030 1040 1031 1054 1047 1035 1033 1036 1030 1021 1023 1022 1021 1025 1037 1032 1036 1044 1056 1064 1067 1067 1068 1055 1048 1063 1058 1058 1041 1046 1066 1070 1059 1050 1037 1052 1052 1035 1044 1054 1054 1042 1039 1048 1055 1065 1055 1045 1058 1055 1066 1065 1049 1043 1045
1120 1129 1143 1138 1141 1138 1121 1117 1117 1134 1113 1105 1095 1081 1091 1088 1093 1069 1058 1047 1052 1068 1081 1073 1054 1045 1042 1033 1042 1037 1053 1049 1040 1041 1051 1036 1020 1022 1025 1022 1032 1046 1048 1050 1050 1057 1061 1062 1056 1064 1050 1044 1063 1057 1043 1040 1052 1063 1071 1054 1055 1033 1046 1040 1034 1043 1047 1049 1036 1047 1044 1048 1059 1057 1041 1050 1047 1055 1049 1041 1046 1056
1123 1127 1137 1140 1145 1145 1136 1118 1129 1152 1126 1113 1099 1104 1094 1107 1102 1070 1059 1062 1050 1068 1083 1071 1059 1065 1054 1039 1044 1038 1056 1053 1054 1059 1057 1051 1031 1027 1025 1024 1026 1034 1048 1051 1033 1040 1048 1060 1050 1057 1048 1037 1057 1049 1039 1041 1063 1062 1055 1046 1046 1031 1032 1031 1031 1034 1034 1034 1034 1045 1041 1047 1052 1049 1038 1043 1040 1043 1040 1046 1054 1062
1110 1133 1117 1125 1145 1143 1133 1114 1127 1158 1135 1125 1110 1119 1108 1093 1078 1069 1077 1071 1055 1053 1076 1094 1083 1077 1069 1045 1043 1041 1059 1059 1056 1064 1051 1034 1031 1030 1026 1026 1024 1028 1037 1030 1034 1048 1059 1062 1048 1046 1052 1034 1054 1037 1034 1050 1060 1057 1042 1037 1035 1036 1052 1043 1034 1031 1045 1034 1034 1031 1033 1035 1032 1035 1034 1035 1035 1037 1044 1059 1068 1069
1116 1139 1146 1133 1150 1142 1129 1140 1134 1170 1149 1134 1122 1120 1117 1105 1093 1075 1080 1065 1070 1062 1072 1092 1088 1075 1061 1041 1048 1054 1054 1062 1071 1059 1044 1035 1051 1050 1031 1025 1023 1024 1026 1024 1027 1046 1056 1051 1043 1035 1046 1034 1039 1030 1041 1050 1055 1045 1033 1031 1033 1043 1058 1048 1051 1046 1052 1044 1035 1042 1040 1035 1035 1037 1036 1042 1046 1037 1042 1051 1064 1061
