Predictor_variables/dem.asc
ncols        717
nrows        720
xllcorner    29.500000000000
yllcorner    -1.500000000000
cellsize     0.008333333333
NODATA_value -9999
[rows 407 to 443 of 720, columns 410 to 491 of 717]
1048 1044 1042 1039 1038 1039 1044 1061 1064 1056 1060 1060 1047 1066 1074 1075 1063 1055 1078 1086 1092 1081 1082 1053 1049 1048 1048 1075 1075 1068 1079 1094 1082 1092 1099 1093 1104 1110 1090 1070 1071 1070 1053 1050 1055 1067 1070 1086 1095 1097 1084 1086 1098 1093 1088 1077 1053 1060 1058 1043 1041 1038 1037 1041 1032 1032 1044 1054 1053 1063 1065 1072 1061 1079 1083 1086 1082 1063 1072 1068 1042 1054
1056 1042 1040 1038 1037 1042 1042 1044 1058 1061 1065 1054 1049 1056 1066 1073 1073 1056 1067 1074 1075 1086 1072 1062 1069 1061 1048 1063 1064 1078 1081 1092 1095 1096 1099 1102 1110 1103 1092 1067 1077 1070 1057 1053 1055 1057 1063 1080 1091 1097 1097 1099 1098 1065 1067 1073 1063 1048 1045 1044 1053 1038 1038 1041 1040 1039 1046 1056 1044 1055 1054 1049 1056 1068 1084 1089 1081 1074 1070 1068 1065 1063
1047 1042 1039 1038 1040 1053 1045 1047 1048 1056 1072 1051 1066 1052 1056 1055 1065 1075 1062 1072 1089 1078 1077 1070 1058 1050 1049 1051 1065 1057 1061 1067 1090 1081 1099 1108 1110 1088 1075 1064 1079 1059 1072 1056 1056 1083 1084 1066 1070 1084 1102 1095 1081 1076 1056 1054 1050 1048 1062 1055 1040 1038 1038 1038 1040 1030 1037 1039 1040 1043 1045 1048 1068 1072 1082 1083 1087 1078 1061 1054 1063 1044
1045 1043 1038 1038 1043 1057 1054 1059 1062 1072 1073 1053 1056 1070 1072 1070 1062 1070 1077 1072 1086 1085 1065 1054 1053 1072 1049 1050 1054 1075 1079 1085 1090 1072 1083 1095 1086 1102 1076 1088 1071 1064 1078 1083 1056 1073 1088 1080 1087 1085 1098 1092 1080 1060 1058 1066 1074 1069 1067 1050 1043 1037 1038 1038 1050 1038 1037 1038 1051 1043 1045 1051 1063 1079 1075 1068 1084 1084 1078 1064 1050 1051
1044 1043 1041 1038 1042 1044 1046 1063 1063 1075 1070 1071 1057 1065 1081 1074 1065 1074 1085 1092 1085 1072 1061 1058 1065 1082 1051 1050 1053 1067 1071 1086 1064 1071 1066 1078 1087 1103 1082 1100 1081 1065 1090 1075 1057 1060 1088 1089 1094 1100 1095 1083 1079 1061 1079 1081 1076 1058 1051 1046 1042 1038 1038 1039 1052 1050 1038 1040 1056 1061 1060 1049 1057 1079 1078 1060 1072 1068 1066 1066 1059 1045
1046 1042 1038 1037 1056 1055 1049 1062 1068 1056 1080 1079 1074 1061 1087 1092 1083 1070 1083 1099 1071 1072 1084 1073 1083 1069 1051 1051 1053 1068 1084 1082 1061 1074 1078 1090 1084 1116 1106 1090 1088 1082 1091 1085 1068 1061 1062 1086 1088 1096 1107 1085 1068 1082 1083 1083 1070 1066 1060 1053 1041 1038 1039 1040 1039 1053 1055 1043 1043 1061 1065 1069 1079 1077 1065 1055 1051 1062 1054 1045 1045 1045
1044 1042 1038 1037 1042 1059 1057 1058 1050 1056 1062 1080 1087 1064 1063 1091 1097 1083 1093 1103 1085 1074 1092 1092 1072 1058 1062 1052 1053 1073 1071 1070 1057 1068 1078 1097 1099 1109 1108 1091 1095 1105 1095 1073 1069 1086 1065 1070 1074 1092 1104 1088 1095 1087 1078 1061 1056 1063 1052 1043 1048 1052 1039 1040 1039 1056 1065 1059 1045 1049 1064 1073 1087 1075 1076 1069 1058 1049 1045 1046 1045 1045
1052 1043 1039 1037 1044 1043 1045 1047 1049 1052 1060 1069 1085 1086 1066 1077 1084 1093 1108 1104 1100 1094 1096 1077 1081 1059 1072 1053 1052 1064 1054 1055 1057 1067 1083 1093 1079 1088 1101 1113 1106 1099 1081 1107 1086 1094 1080 1068 1093 1102 1095 1093 1088 1092 1088 1079 1069 1051 1047 1045 1063 1057 1061 1040 1041 1049 1068 1077 1061 1051 1062 1075 1089 1086 1090 1083 1076 1067 1057 1062 1055 1046
1044 1038 1034 1042 1055 1061 1067 1058 1051 1064 1058 1061 1074 1095 1071 1076 1084 1098 1128 1106 1105 1117 1084 1065 1063 1070 1077 1056 1055 1055 1054 1057 1058 1080 1083 1085 1103 1106 1121 1129 1129 1102 1095 1114 1085 1102 1094 1071 1077 1096 1099 1073 1079 1075 1078 1074 1071 1062 1063 1065 1062 1051 1060 1041 1041 1053 1060 1071 1070 1074 1059 1071 1095 1083 1077 1081 1080 1076 1079 1080 1068 1064
1044 1038 1038 1043 1044 1052 1065 1066 1067 1077 1082 1083 1083 1100 1095 1093 1098 1092 1128 1119 1107 1095 1082 1068 1089 1081 1058 1061 1072 1056 1065 1074 1058 1072 1063 1079 1093 1107 1107 1121 1122 1114 1119 1111 1104 1087 1090 1080 1094 1102 1099 1078 1062 1064 1058 1053 1050 1048 1047 1059 1047 1042 1042 1040 1039 1040 1051 1061 1074 1082 1083 1082 1096 1089 1058 1052 1061 1062 1073 1055 1046 1046
1049 1037 1037 1044 1044 1059 1046 1048 1054 1054 1064 1063 1067 1080 1092 1098 1102 1098 1114 1119 1111 1091 1081 1093 1092 1077 1062 1081 1078 1058 1064 1078 1058 1059 1062 1069 1070 1082 1101 1098 1104 1115 1110 1119 1122 1121 1109 1080 1090 1104 1081 1099 1088 1076 1074 1069 1050 1048 1045 1044 1043 1042 1042 1040 1053 1040 1042 1057 1050 1064 1076 1078 1098 1089 1079 1054 1048 1046 1064 1047 1046 1046
1046 1037 1038 1039 1041 1051 1044 1055 1065 1076 1078 1076 1083 1091 1079 1107 1094 1102 1116 1092 1110 1109 1095 1106 1086 1067 1083 1084 1061 1059 1074 1079 1060 1059 1061 1083 1089 1071 1085 1088 1099 1113 1096 1123 1124 1119 1096 1083 1089 1108 1104 1102 1092 1082 1077 1073 1072 1067 1060 1051 1043 1043 1042 1040 1059 1043 1045 1044 1046 1052 1057 1073 1096 1084 1077 1066 1057 1046 1046 1046 1049 1047
1046 1055 1037 1033 1044 1043 1044 1061 1071 1079 1079 1063 1075 1076 1074 1086 1074 1085 1074 1105 1112 1101 1096 1105 1087 1070 1085 1065 1062 1068 1086 1091 1072 1062 1061 1063 1092 1092 1091 1098 1086 1099 1093 1109 1128 1112 1090 1110 1090 1103 1100 1088 1074 1072 1058 1068 1049 1047 1044 1043 1043 1044 1061 1057 1058 1046 1044 1055 1068 1076 1071 1084 1094 1084 1067 1075 1069 1047 1045 1046 1049 1047
1048 1056 1037 1032 1044 1043 1045 1044 1047 1060 1065 1052 1063 1070 1089 1095 1075 1086 1071 1090 1103 1102 1110 1083 1094 1077 1089 1066 1079 1066 1095 1090 1087 1064 1078 1065 1065 1086 1069 1073 1074 1077 1091 1104 1126 1122 1121 1116 1100 1096 1083 1092 1079 1078 1077 1053 1062 1055 1043 1044 1047 1057 1054 1068 1059 1049 1062 1048 1054 1075 1083 1075 1080 1073 1072 1060 1064 1047 1046 1046 1047 1070
1063 1059 1054 1038 1042 1045 1046 1045 1045 1045 1046 1048 1052 1057 1074 1081 1069 1065 1076 1074 1098 1094 1095 1107 1100 1102 1099 1084 1084 1080 1084 1095 1075 1070 1087 1066 1067 1067 1068 1088 1087 1078 1095 1088 1093 1114 1128 1126 1107 1103 1085 1068 1064 1059 1077 1070 1073 1068 1054 1045 1046 1058 1072 1072 1059 1058 1058 1071 1056 1069 1082 1078 1067 1053 1059 1049 1046 1046 1046 1047 1057 1074
1069 1068 1047 1037 1037 1042 1058 1067 1053 1046 1046 1063 1064 1074 1074 1059 1074 1080 1085 1095 1073 1077 1080 1113 1108 1093 1073 1070 1069 1088 1096 1103 1081 1071 1088 1077 1068 1086 1071 1084 1100 1103 1109 1111 1120 1128 1133 1122 1108 1094 1079 1088 1083 1056 1053 1050 1051 1047 1046 1046 1046 1059 1068 1075 1075 1073 1052 1072 1073 1068 1085 1086 1077 1055 1058 1069 1046 1048 1047 1047 1047 1076
1072 1069 1064 1040 1038 1043 1060 1058 1065 1055 1046 1049 1072 1069 1056 1068 1074 1070 1087 1072 1075 1090 1103 1112 1100 1093 1076 1093 1085 1074 1094 1106 1085 1070 1097 1070 1068 1091 1090 1072 1074 1098 1107 1106 1106 1122 1133 1122 1091 1085 1099 1096 1083 1068 1071 1068 1049 1047 1045 1046 1047 1049 1058 1071 1079 1067 1055 1070 1077 1081 1089 1073 1082 1080 1078 1067 1059 1047 1047 1047 1056 1063
1062 1061 1059 1041 1037 1048 1044 1049 1067 1067 1049 1050 1053 1053 1055 1057 1059 1062 1063 1089 1073 1087 1119 1121 1107 1087 1090 1101 1090 1094 1090 1099 1072 1078 1094 1083 1071 1102 1113 1093 1076 1077 1095 1090 1104 1123 1127 1121 1106 1106 1105 1085 1080 1071 1075 1058 1065 1065 1046 1047 1046 1058 1052 1065 1081 1080 1073 1060 1083 1088 1088 1085 1078 1066 1068 1051 1046 1047 1047 1054 1046 1047
1052 1049 1046 1043 1046 1048 1045 1046 1061 1070 1049 1050 1051 1053 1055 1059 1070 1075 1075 1084 1091 1108 1112 1118 1100 1103 1106 1096 1108 1099 1110 1099 1076 1080 1106 1088 1073 1102 1115 1094 1103 1080 1091 1108 1114 1122 1106 1113 1090 1081 1091 1076 1079 1084 1077 1073 1073 1064 1047 1047 1046 1047 1049 1051 1057 1076 1084 1081 1072 1087 1100 1097 1085 1076 1064 1051 1066 1047 1047 1047 1064 1070
1057 1059 1049 1044 1045 1047 1046 1060 1063 1073 1063 1051 1060 1065 1071 1066 1060 1064 1078 1091 1088 1100 1106 1116 1120 1108 1116 1116 1088 1113 1117 1104 1081 1091 1097 1101 1076 1087 1113 1111 1098 1091 1088 1086 1113 1114 1095 1108 1107 1084 1076 1062 1060 1058 1069 1076 1053 1048 1047 1047 1057 1050 1063 1051 1053 1077 1088 1082 1093 1100 1101 1093 1073 1064 1054 1071 1063 1048 1048 1047 1048 1068
1072 1060 1060 1057 1036 1044 1037 1046 1057 1069 1057 1053 1052 1062 1073 1078 1080 1087 1088 1078 1088 1098 1092 1092 1109 1130 1131 1111 1109 1112 1114 1085 1081 1099 1113 1088 1079 1083 1087 1115 1100 1110 1099 1104 1099 1113 1111 1084 1101 1068 1065 1070 1077 1058 1056 1054 1054 1047 1049 1048 1048 1066 1051 1069 1054 1058 1061 1085 1103 1100 1087 1081 1091 1079 1078 1080 1060 1048 1048 1056 1049 1069
1067 1060 1069 1058 1046 1045 1038 1044 1050 1058 1067 1055 1062 1055 1067 1060 1082 1081 1076 1068 1085 1089 1089 1082 1095 1122 1120 1125 1119 1126 1118 1086 1097 1110 1114 1108 1096 1090 1108 1112 1118 1114 1104 1116 1113 1094 1099 1081 1083 1070 1087 1085 1092 1072 1066 1054 1066 1058 1049 1049 1054 1070 1064 1053 1076 1072 1082 1088 1114 1108 1104 1096 1092 1089 1086 1067 1047 1049 1048 1048 1067 1074
1067 1054 1052 1050 1046 1046 1037 1038 1048 1066 1072 1059 1071 1061 1058 1057 1062 1062 1062 1065 1067 1080 1083 1102 1101 1114 1104 1115 1127 1115 1109 1088 1100 1104 1124 1110 1096 1084 1097 1114 1126 1126 1131 1112 1122 1109 1083 1079 1075 1090 1088 1100 1100 1079 1067 1063 1074 1048 1049 1057 1070 1073 1073 1056 1076 1074 1082 1104 1111 1110 1096 1086 1070 1083 1075 1067 1048 1049 1047 1047 1059 1068
1059 1065 1060 1061 1046 1044 1034 1037 1057 1054 1054 1080 1066 1072 1058 1066 1076 1086 1066 1083 1087 1072 1095 1080 1086 1110 1091 1106 1121 1119 1116 1095 1110 1128 1112 1097 1110 1113 1086 1102 1115 1123 1129 1129 1129 1115 1102 1103 1099 1098 1109 1103 1085 1080 1080 1070 1068 1049 1049 1050 1062 1085 1082 1063 1078 1090 1088 1099 1090 1099 1075 1081 1080 1055 1068 1055 1048 1052 1063 1047 1047 1071
1070 1079 1069 1057 1045 1048 1056 1034 1038 1050 1072 1068 1080 1079 1073 1062 1065 1092 1085 1071 1086 1082 1093 1101 1112 1108 1079 1091 1107 1126 1112 1098 1113 1138 1133 1110 1118 1107 1100 1114 1097 1104 1121 1116 1115 1108 1115 1107 1110 1102 1114 1092 1086 1064 1079 1070 1049 1050 1050 1050 1055 1062 1082 1076 1094 1099 1094 1088 1082 1088 1093 1085 1063 1053 1049 1049 1048 1048 1069 1068 1048 1050
1082 1081 1072 1050 1048 1060 1044 1046 1039 1037 1064 1073 1079 1088 1087 1082 1066 1067 1096 1085 1094 1092 1100 1114 1108 1099 1078 1086 1109 1125 1118 1121 1107 1133 1124 1110 1127 1123 1095 1113 1125 1115 1128 1129 1113 1111 1097 1094 1096 1085 1097 1092 1081 1068 1055 1063 1050 1051 1066 1062 1067 1066 1095 1090 1091 1112 1096 1078 1069 1082 1092 1076 1071 1063 1050 1049 1048 1066 1068 1073 1068 1059
1057 1061 1053 1050 1048 1051 1060 1045 1044 1038 1048 1054 1063 1082 1088 1087 1084 1069 1081 1091 1099 1111 1108 1111 1095 1088 1096 1104 1104 1107 1105 1118 1122 1138 1121 1127 1125 1117 1107 1117 1117 1120 1114 1111 1081 1109 1101 1099 1075 1069 1064 1063 1059 1057 1055 1052 1051 1051 1067 1078 1084 1091 1106 1100 1102 1097 1104 1090 1063 1060 1077 1074 1060 1049 1049 1050 1049 1052 1081 1079 1076 1071
1077 1069 1051 1050 1068 1052 1061 1046 1051 1038 1038 1057 1068 1077 1066 1082 1094 1094 1094 1098 1097 1106 1099 1098 1084 1072 1088 1101 1092 1096 1092 1093 1107 1106 1102 1113 1120 1124 1111 1123 1123 1118 1093 1113 1077 1085 1104 1109 1092 1086 1090 1079 1075 1071 1053 1052 1052 1052 1054 1088 1106 1105 1113 1108 1100 1090 1083 1093 1084 1058 1055 1052 1051 1050 1051 1050 1072 1055 1073 1080 1088 1083
1077 1058 1054 1070 1068 1053 1065 1046 1046 1050 1037 1052 1060 1073 1058 1066 1074 1090 1097 1082 1089 1089 1083 1072 1094 1069 1084 1096 1084 1083 1094 1107 1108 1093 1094 1101 1104 1120 1115 1125 1118 1109 1089 1089 1095 1071 1083 1101 1083 1080 1088 1084 1064 1053 1053 1052 1055 1055 1065 1072 1095 1121 1121 1110 1105 1086 1081 1068 1063 1059 1057 1056 1067 1067 1051 1051 1074 1067 1085 1088 1094 1096
1068 1056 1057 1077 1074 1054 1056 1068 1046 1049 1050 1045 1067 1066 1054 1063 1079 1080 1079 1067 1083 1085 1085 1067 1087 1066 1083 1067 1071 1089 1108 1102 1101 1086 1087 1099 1089 1089 1118 1106 1110 1113 1089 1077 1068 1067 1085 1071 1074 1079 1059 1056 1055 1054 1054 1071 1060 1065 1060 1069 1097 1118 1124 1112 1104 1102 1099 1091 1080 1057 1072 1083 1084 1052 1050 1051 1050 1081 1069 1072 1098 1105
1079 1060 1060 1076 1085 1073 1059 1063 1051 1048 1046 1038 1058 1062 1049 1074 1085 1076 1064 1061 1090 1086 1062 1075 1063 1072 1078 1064 1083 1083 1105 1103 1096 1074 1082 1078 1091 1108 1110 1096 1092 1093 1102 1096 1092 1065 1062 1060 1059 1058 1058 1056 1055 1054 1057 1077 1082 1075 1065 1071 1087 1110 1121 1102 1083 1078 1073 1084 1065 1082 1091 1089 1069 1053 1062 1051 1067 1073 1086 1095 1097 1091
1080 1064 1075 1065 1093 1068 1069 1074 1050 1050 1060 1039 1048 1047 1061 1071 1079 1057 1057 1071 1084 1069 1058 1075 1061 1061 1062 1068 1086 1094 1093 1087 1071 1072 1093 1087 1101 1113 1112 1117 1108 1085 1071 1083 1064 1063 1061 1061 1072 1080 1059 1070 1069 1055 1055 1074 1092 1091 1082 1084 1087 1105 1122 1119 1107 1099 1085 1066 1078 1092 1081 1063 1057 1070 1052 1051 1060 1077 1098 1100 1097 1079
1069 1066 1077 1086 1085 1065 1071 1060 1050 1064 1070 1056 1039 1052 1046 1061 1059 1052 1064 1072 1077 1058 1057 1073 1058 1060 1069 1087 1089 1098 1069 1075 1069 1084 1098 1112 1110 1108 1096 1086 1098 1098 1088 1066 1066 1081 1077 1072 1084 1069 1078 1080 1059 1058 1055 1073 1092 1105 1107 1093 1116 1090 1118 1113 1104 1085 1070 1079 1095 1083 1066 1086 1077 1060 1052 1052 1065 1076 1090 1071 1070 1088
1089 1070 1088 1086 1073 1075 1063 1060 1053 1054 1069 1075 1047 1038 1054 1049 1048 1048 1050 1062 1070 1054 1071 1062 1055 1057 1083 1079 1089 1085 1074 1065 1068 1082 1097 1101 1091 1114 1107 1100 1075 1071 1069 1066 1085 1077 1088 1074 1096 1089 1088 1069 1062 1075 1057 1063 1074 1091 1100 1118 1131 1122 1119 1110 1085 1080 1091 1093 1100 1069 1069 1089 1086 1056 1066 1053 1076 1079 1076 1064 1072 1087
1090 1079 1092 1075 1080 1076 1067 1056 1053 1076 1079 1073 1051 1050 1052 1053 1049 1049 1049 1051 1052 1051 1069 1054 1058 1077 1081 1084 1063 1061 1063 1078 1069 1074 1095 1087 1115 1113 1094 1081 1098 1092 1085 1068 1090 1092 1096 1096 1088 1069 1069 1063 1098 1079 1058 1058 1069 1066 1079 1100 1117 1109 1121 1113 1086 1091 1106 1113 1110 1073 1100 1092 1078 1078 1054 1053 1053 1056 1061 1075 1092 1101
1097 1091 1082 1084 1080 1061 1062 1065 1054 1066 1080 1075 1054 1051 1052 1057 1051 1058 1052 1052 1050 1051 1052 1060 1070 1081 1073 1074 1060 1061 1068 1078 1085 1094 1114 1118 1108 1116 1110 1097 1102 1095 1086 1073 1074 1082 1106 1083 1073 1084 1078 1094 1115 1093 1059 1058 1061 1082 1100 1103 1099 1105 1108 1090 1113 1089 1118 1111 1094 1080 1104 1081 1088 1083 1056 1053 1053 1055 1065 1078 1077 1089
1077 1098 1082 1083 1070 1087 1077 1077 1058 1076 1087 1081 1075 1053 1042 1054 1062 1065 1053 1058 1053 1052 1051 1068 1071 1069 1056 1056 1059 1076 1083 1082 1099 1097 1109 1118 1087 1102 1112 1113 1117 1101 1073 1071 1092 1098 1106 1086 1088 1096 1137 1109 1098 1084 1060 1059 1061 1086 1095 1085 1075 1101 1112 1119 1110 1111 1117 1098 1082 1104 1103 1095 1080 1059 1072 1068 1053 1055 1054 1056 1059 1085
