Predictor_variables/dem.asc
ncols        717
nrows        720
xllcorner    29.500000000000
yllcorner    -1.500000000000
cellsize     0.008333333333
NODATA_value -9999
[rows 370 to 406 of 720, columns 82 to 163 of 717]
-9999 -9999 -9999 -9999 -9999 -9999 -9999 -9999 -9999 -9999 -9999 -9999 -9999 -9999 -9999 -9999 -9999 -9999 -9999 -9999 -9999 -9999 -9999 -9999 -9999 -9999 -9999 -9999 -9999 -9999 -9999 -9999 -9999 -9999 -9999 -9999 -9999 -9999 -9999 -9999 -9999 -9999 -9999 -9999 -9999 -9999 -9999 -9999 -9999 -9999 -9999 -9999 -9999 -9999 -9999 -9999 -9999 619 617 617 618 617 618 617 617 617 619 618 620 619 618 619 618 618 617 619 617 619 617 616 618 617
-9999 -9999 -9999 -9999 -9999 -9999 -9999 -9999 -9999 -9999 -9999 -9999 -9999 -9999 -9999 -9999 -9999 -9999 -9999 -9999 -9999 -9999 -9999 -9999 -9999 -9999 -9999 -9999 -9999 -9999 -9999 -9999 -9999 -9999 -9999 -9999 -9999 -9999 -9999 -9999 -9999 -9999 -9999 -9999 -9999 -9999 -9999 -9999 -9999 -9999 -9999 -9999 -9999 -9999 -9999 -9999 -9999 617 616 617 617 617 617 618 618 618 619 619 617 617 618 617 618 617 616 617 616 617 617 616 617 618
-9999 -9999 -9999 -9999 -9999 -9999 -9999 -9999 -9999 -9999 -9999 -9999 -9999 -9999 -9999 -9999 -9999 -9999 -9999 -9999 -9999 -9999 -9999 -9999 -9999 -9999 -9999 -9999 -9999 -9999 -9999 -9999 -9999 -9999 -9999 -9999 -9999 -9999 -9999 -9999 -9999 -9999 -9999 -9999 -9999 -9999 -9999 -9999 -9999 -9999 -9999 -9999 -9999 -9999 -9999 -9999 617 617 617 617 618 619 617 619 618 618 618 617 618 618 617 617 617 617 618 617 616 617 616 618 619 654
-9999 -9999 -9999 -9999 -9999 -9999 -9999 -9999 -9999 -9999 -9999 -9999 -9999 -9999 -9999 -9999 -9999 -9999 -9999 -9999 -9999 -9999 -9999 -9999 -9999 -9999 -9999 -9999 -9999 -9999 -9999 -9999 -9999 -9999 -9999 -9999 -9999 -9999 -9999 -9999 -9999 -9999 -9999 -9999 -9999 -9999 -9999 -9999 -9999 -9999 -9999 -9999 -9999 -9999 -9999 617 618 618 617 618 618 619 619 618 618 619 618 617 616 617 617 617 617 617 617 617 617 618 617 638 618 676
-9999 -9999 -9999 -9999 -9999 -9999 -9999 -9999 -9999 -9999 -9999 -9999 -9999 -9999 -9999 -9999 -9999 -9999 -9999 -9999 -9999 -9999 -9999 -9999 -9999 -9999 -9999 -9999 -9999 -9999 -9999 -9999 -9999 -9999 -9999 -9999 -9999 -9999 -9999 -9999 -9999 -9999 -9999 -9999 -9999 -9999 -9999 -9999 -9999 -9999 -9999 -9999 -9999 -9999 618 618 617 618 619 617 618 618 617 619 619 617 618 617 617 617 618 618 618 619 617 617 619 618 618 619 979 1016
-9999 -9999 -9999 -9999 -9999 -9999 -9999 -9999 -9999 -9999 -9999 -9999 -9999 -9999 -9999 -9999 -9999 -9999 -9999 -9999 -9999 -9999 -9999 -9999 -9999 -9999 -9999 -9999 -9999 -9999 -9999 -9999 -9999 -9999 -9999 -9999 -9999 -9999 -9999 -9999 -9999 -9999 -9999 -9999 -9999 -9999 -9999 -9999 -9999 -9999 -9999 -9999 -9999 -9999 617 616 618 619 617 619 617 618 618 617 618 618 618 618 619 619 618 617 619 619 618 619 617 618 620 867 1011 1066
-9999 -9999 -9999 -9999 -9999 -9999 -9999 -9999 -9999 -9999 -9999 -9999 -9999 -9999 -9999 -9999 -9999 -9999 -9999 -9999 -9999 -9999 -9999 -9999 -9999 -9999 -9999 -9999 -9999 -9999 -9999 -9999 -9999 -9999 -9999 -9999 -9999 -9999 -9999 -9999 -9999 -9999 -9999 -9999 -9999 -9999 -9999 -9999 -9999 -9999 -9999 -9999 -9999 618 618 618 618 618 618 617 618 618 618 617 619 619 618 619 618 618 619 617 618 618 619 619 618 619 620 1055 1083 1135
-9999 -9999 -9999 -9999 -9999 -9999 -9999 -9999 -9999 -9999 -9999 -9999 -9999 -9999 -9999 -9999 -9999 -9999 -9999 -9999 -9999 -9999 -9999 -9999 -9999 -9999 -9999 -9999 -9999 -9999 -9999 -9999 -9999 -9999 -9999 -9999 -9999 -9999 -9999 -9999 -9999 -9999 -9999 -9999 -9999 -9999 -9999 -9999 -9999 -9999 -9999 -9999 618 618 618 618 618 619 619 617 618 618 619 617 618 618 618 618 617 619 619 618 617 619 618 619 618 620 622 1013 1094 1095
-9999 -9999 -9999 -9999 -9999 -9999 -9999 -9999 -9999 -9999 -9999 -9999 -9999 -9999 -9999 -9999 -9999 -9999 -9999 -9999 -9999 -9999 -9999 -9999 -9999 -9999 -9999 -9999 -9999 -9999 -9999 -9999 -9999 -9999 -9999 -9999 -9999 -9999 -9999 -9999 -9999 -9999 -9999 -9999 -9999 -9999 -9999 -9999 -9999 -9999 -9999 617 618 618 618 618 618 619 619 619 619 618 619 620 618 618 619 618 619 618 618 619 618 620 618 620 618 619 1004 1112 1143 1139
-9999 -9999 -9999 -9999 -9999 -9999 -9999 -9999 -9999 -9999 -9999 -9999 -9999 -9999 -9999 -9999 -9999 -9999 -9999 -9999 -9999 -9999 -9999 -9999 -9999 -9999 -9999 -9999 -9999 -9999 -9999 -9999 -9999 -9999 -9999 -9999 -9999 -9999 -9999 -9999 -9999 -9999 -9999 -9999 -9999 -9999 -9999 -9999 -9999 -9999 -9999 619 619 620 618 618 618 616 618 618 617 618 618 618 617 619 617 618 618 619 619 618 618 619 618 619 621 633 1070 1128 1180 1149
-9999 -9999 -9999 -9999 -9999 -9999 -9999 -9999 -9999 -9999 -9999 -9999 -9999 -9999 -9999 -9999 -9999 -9999 -9999 -9999 -9999 -9999 -9999 -9999 -9999 -9999 -9999 -9999 -9999 -9999 -9999 -9999 -9999 -9999 -9999 -9999 -9999 -9999 -9999 -9999 -9999 -9999 -9999 -9999 -9999 -9999 -9999 -9999 -9999 -9999 619 619 618 619 618 619 617 618 619 618 618 618 617 618 618 618 618 619 619 619 618 618 618 618 619 618 745 973 1111 1178 1174 1146
-9999 -9999 -9999 -9999 -9999 -9999 -9999 -9999 -9999 -9999 -9999 -9999 -9999 -9999 -9999 -9999 -9999 -9999 -9999 -9999 -9999 -9999 -9999 -9999 -9999 -9999 -9999 -9999 -9999 -9999 -9999 -9999 -9999 -9999 -9999 -9999 -9999 -9999 -9999 -9999 -9999 -9999 -9999 -9999 -9999 -9999 -9999 -9999 -9999 619 618 618 617 617 617 616 618 619 618 618 618 619 620 618 619 618 621 619 619 618 618 619 618 619 619 625 1145 1124 1152 1179 1197 1155
-9999 -9999 -9999 -9999 -9999 -9999 -9999 -9999 -9999 -9999 -9999 -9999 -9999 -9999 -9999 -9999 -9999 -9999 -9999 -9999 -9999 -9999 -9999 -9999 -9999 -9999 -9999 -9999 -9999 -9999 -9999 -9999 -9999 -9999 -9999 -9999 -9999 -9999 -9999 -9999 -9999 -9999 -9999 -9999 -9999 -9999 -9999 -9999 618 618 619 619 619 619 618 618 618 619 618 618 619 619 618 619 620 620 619 620 618 618 620 619 620 620 993 1072 1144 1157 1159 1174 1166 1178
-9999 -9999 -9999 -9999 -9999 -9999 -9999 -9999 -9999 -9999 -9999 -9999 -9999 -9999 -9999 -9999 -9999 -9999 -9999 -9999 -9999 -9999 -9999 -9999 -9999 -9999 -9999 -9999 -9999 -9999 -9999 -9999 -9999 -9999 -9999 -9999 -9999 -9999 -9999 -9999 -9999 -9999 -9999 -9999 -9999 -9999 -9999 619 619 618 618 617 617 618 618 618 619 618 619 619 619 620 619 618 618 619 618 617 619 620 618 619 738 873 1004 1052 1061 1099 1157 1131 1143 1181
-9999 -9999 -9999 -9999 -9999 -9999 -9999 -9999 -9999 -9999 -9999 -9999 -9999 -9999 -9999 -9999 -9999 -9999 -9999 -9999 -9999 -9999 -9999 -9999 -9999 -9999 -9999 -9999 -9999 -9999 -9999 -9999 -9999 -9999 -9999 -9999 -9999 -9999 -9999 -9999 -9999 -9999 -9999 -9999 -9999 -9999 -9999 617 618 617 619 619 618 619 618 618 618 620 617 618 619 618 618 621 620 619 619 618 619 620 619 621 976 1120 1098 1097 1147 1138 1107 1140 1177 1162
-9999 -9999 -9999 -9999 -9999 -9999 -9999 -9999 -9999 -9999 -9999 -9999 -9999 -9999 -9999 -9999 -9999 -9999 -9999 -9999 -9999 -9999 -9999 -9999 -9999 -9999 -9999 -9999 -9999 -9999 -9999 -9999 -9999 -9999 -9999 -9999 -9999 -9999 -9999 -9999 -9999 -9999 -9999 -9999 -9999 -9999 616 621 617 618 617 617 619 617 620 618 618 618 619 619 619 618 621 620 619 620 619 618 618 618 619 941 1110 1149 1161 1152 1171 1177 1158 1147 1169 1155
-9999 -9999 -9999 -9999 -9999 -9999 -9999 -9999 -9999 -9999 -9999 -9999 -9999 -9999 -9999 -9999 -9999 -9999 -9999 -9999 -9999 -9999 -9999 -9999 -9999 -9999 -9999 -9999 -9999 -9999 -9999 -9999 -9999 -9999 -9999 -9999 -9999 -9999 -9999 -9999 -9999 -9999 -9999 -9999 -9999 617 618 617 618 617 618 618 617 617 618 619 618 619 621 619 619 620 618 620 619 619 620 619 619 622 1069 1033 1100 1160 1166 1187 1211 1189 1197 1171 1162 1143
-9999 -9999 -9999 -9999 -9999 -9999 -9999 -9999 -9999 -9999 -9999 -9999 -9999 -9999 -9999 -9999 -9999 -9999 -9999 -9999 -9999 -9999 -9999 -9999 -9999 -9999 -9999 -9999 -9999 -9999 -9999 -9999 -9999 -9999 -9999 -9999 -9999 -9999 -9999 -9999 -9999 -9999 -9999 -9999 618 618 618 617 618 619 616 617 617 617 619 617 620 618 620 619 619 620 620 619 619 619 621 618 622 876 1041 1121 1151 1183 1196 1209 1205 1185 1162 1158 1149 1160
-9999 -9999 -9999 -9999 -9999 -9999 -9999 -9999 -9999 -9999 -9999 -9999 -9999 -9999 -9999 -9999 -9999 -9999 -9999 -9999 -9999 -9999 -9999 -9999 -9999 -9999 -9999 -9999 -9999 -9999 -9999 -9999 -9999 -9999 -9999 -9999 -9999 -9999 -9999 -9999 617 620 618 618 619 618 617 617 617 617 615 617 617 619 618 619 618 619 619 619 619 620 621 621 620 620 620 623 626 658 1077 1137 1183 1201 1207 1206 1183 1183 1175 1180 1176 1162
-9999 -9999 -9999 -9999 -9999 -9999 -9999 -9999 -9999 -9999 -9999 -9999 -9999 -9999 -9999 -9999 -9999 -9999 -9999 -9999 -9999 -9999 -9999 -9999 -9999 -9999 -9999 -9999 -9999 -9999 -9999 -9999 -9999 -9999 -9999 -9999 -9999 -9999 -9999 619 619 619 617 617 619 620 617 618 617 617 618 619 618 619 619 619 618 621 620 619 620 619 617 616 619 620 613 626 632 1020 1111 1152 1189 1186 1174 1183 1198 1190 1172 1152 1157 1133
-9999 -9999 -9999 -9999 -9999 -9999 -9999 -9999 -9999 -9999 -9999 -9999 -9999 -9999 -9999 -9999 -9999 -9999 -9999 -9999 -9999 -9999 -9999 -9999 -9999 -9999 -9999 -9999 -9999 -9999 -9999 -9999 -9999 -9999 -9999 -9999 -9999 -9999 621 621 618 616 617 614 618 620 618 619 618 618 620 619 619 618 618 618 619 618 618 620 619 620 619 619 618 620 622 627 654 940 1152 1155 1166 1169 1185 1205 1182 1165 1166 1153 1155 1141
-9999 -9999 -9999 -9999 -9999 -9999 -9999 -9999 -9999 -9999 -9999 -9999 -9999 -9999 -9999 -9999 -9999 -9999 -9999 -9999 -9999 -9999 -9999 -9999 -9999 -9999 -9999 -9999 -9999 -9999 -9999 -9999 -9999 -9999 -9999 -9999 -9999 -9999 620 620 616 618 617 619 617 618 617 618 619 617 617 619 617 619 619 618 621 621 619 619 617 619 618 619 618 619 628 637 646 1073 1107 1146 1145 1180 1211 1184 1198 1182 1170 1155 1160 1154
-9999 -9999 -9999 -9999 -9999 -9999 -9999 -9999 -9999 -9999 -9999 -9999 -9999 -9999 -9999 -9999 -9999 -9999 -9999 -9999 -9999 -9999 -9999 -9999 -9999 -9999 -9999 -9999 -9999 -9999 -9999 -9999 -9999 -9999 -9999 -9999 -9999 624 617 615 618 619 618 619 619 620 617 617 617 617 618 618 617 620 617 618 619 617 618 618 620 619 617 619 617 623 630 641 774 1041 1089 1114 1135 1182 1196 1184 1194 1174 1156 1164 1172 1171
-9999 -9999 -9999 -9999 -9999 -9999 -9999 -9999 -9999 -9999 -9999 -9999 -9999 -9999 -9999 -9999 -9999 -9999 -9999 -9999 -9999 -9999 -9999 -9999 -9999 -9999 -9999 -9999 -9999 -9999 -9999 -9999 -9999 -9999 -9999 -9999 617 631 617 615 615 618 617 617 618 616 619 618 619 620 616 618 619 618 617 617 619 620 618 618 618 620 622 619 623 626 628 685 902 1020 1100 1107 1132 1157 1169 1179 1162 1154 1143 1157 1138 1143
-9999 -9999 -9999 -9999 -9999 -9999 -9999 -9999 -9999 -9999 -9999 -9999 -9999 -9999 -9999 -9999 -9999 -9999 -9999 -9999 -9999 -9999 -9999 -9999 -9999 -9999 -9999 -9999 -9999 -9999 -9999 -9999 -9999 -9999 621 620 620 619 628 615 618 620 619 617 618 618 619 619 618 617 617 618 618 618 617 618 618 619 619 618 618 620 620 619 623 624 635 985 1051 1106 1095 1127 1147 1160 1162 1167 1158 1140 1140 1141 1130 1134
-9999 -9999 -9999 -9999 -9999 -9999 -9999 -9999 -9999 -9999 -9999 -9999 -9999 -9999 -9999 -9999 -9999 -9999 -9999 -9999 -9999 626 -9999 -9999 -9999 -9999 -9999 -9999 -9999 -9999 -9999 -9999 -9999 620 620 620 620 621 619 617 620 618 618 619 620 620 619 618 618 619 616 616 617 619 620 617 618 619 618 618 619 620 618 622 619 622 901 1079 1116 1137 1125 1131 1147 1180 1173 1164 1135 1146 1135 1118 1129 1172
-9999 -9999 -9999 -9999 -9999 -9999 -9999 -9999 -9999 -9999 -9999 -9999 -9999 -9999 -9999 -9999 -9999 -9999 -9999 -9999 -9999 624 624 -9999 -9999 -9999 -9999 622 -9999 621 621 621 621 622 623 626 625 616 617 618 619 620 618 619 618 617 619 618 618 617 618 619 618 619 618 620 619 621 618 619 619 619 618 621 618 632 1018 1110 1131 1134 1155 1168 1158 1175 1176 1154 1155 1133 1127 1142 1188 1174
-9999 -9999 -9999 -9999 -9999 -9999 -9999 -9999 -9999 -9999 -9999 -9999 -9999 -9999 -9999 -9999 -9999 -9999 -9999 -9999 625 624 624 624 623 622 622 622 621 621 621 621 620 620 619 620 621 615 620 621 619 619 619 616 619 618 618 618 615 618 619 618 619 620 619 620 618 619 619 619 621 621 622 617 617 972 1083 1086 1119 1155 1152 1168 1173 1184 1155 1140 1159 1142 1117 1172 1179 1170
-9999 -9999 -9999 -9999 -9999 -9999 -9999 -9999 -9999 -9999 -9999 -9999 -9999 -9999 -9999 -9999 -9999 -9999 -9999 625 625 624 624 623 622 622 622 622 621 621 621 620 620 620 620 618 619 617 618 619 616 619 618 618 619 619 618 618 618 619 618 619 618 618 618 618 619 620 619 621 621 620 619 624 631 1067 1118 1130 1117 1136 1148 1170 1163 1152 1139 1141 1142 1128 1137 1174 1179 1148
-9999 -9999 -9999 -9999 -9999 -9999 -9999 -9999 -9999 -9999 -9999 -9999 629 -9999 -9999 -9999 -9999 -9999 -9999 625 625 624 623 623 623 622 622 621 622 621 621 621 621 621 621 621 621 619 617 618 618 618 618 618 620 616 617 619 619 619 619 619 618 619 620 619 620 618 620 619 622 620 620 638 1018 1085 1134 1162 1131 1157 1159 1166 1143 1148 1112 1123 1130 1111 1161 1163 1178 1158
-9999 -9999 -9999 -9999 -9999 -9999 -9999 -9999 -9999 -9999 630 629 628 627 627 -9999 -9999 -9999 -9999 625 624 624 624 624 623 623 622 622 621 621 621 621 621 621 622 621 626 621 618 618 618 617 617 616 619 616 620 619 619 618 619 620 620 618 620 619 622 620 619 620 619 620 623 976 1118 1135 1141 1152 1156 1169 1153 1139 1126 1127 1125 1103 1112 1162 1174 1154 1148 1122
-9999 -9999 -9999 -9999 -9999 -9999 -9999 -9999 -9999 -9999 630 628 628 627 627 627 626 626 626 625 624 624 624 623 624 623 622 622 622 621 621 621 621 622 621 621 621 620 617 619 617 617 620 618 618 619 618 618 619 618 619 619 620 620 620 619 619 622 620 620 621 619 1028 1101 1130 1160 1157 1162 1161 1144 1132 1126 1111 1106 1103 1094 1097 1167 1159 1131 1122 1092
-9999 -9999 -9999 -9999 -9999 -9999 -9999 -9999 631 631 629 628 628 628 627 627 627 626 626 625 624 624 625 624 623 622 623 622 622 621 622 621 621 621 621 620 621 619 618 619 618 617 618 618 619 618 620 619 618 620 620 621 620 621 621 619 620 619 619 619 622 825 1088 1100 1160 1154 1170 1145 1144 1152 1126 1092 1104 1104 1078 1103 1157 1171 1109 1091 1060 1009
-9999 -9999 -9999 -9999 -9999 -9999 631 630 630 630 629 628 629 628 628 627 627 627 626 626 625 625 626 625 624 623 623 622 622 622 622 621 621 620 621 620 622 622 620 618 620 620 618 618 619 618 619 619 616 620 619 620 620 619 620 620 619 619 619 620 627 1060 1080 1125 1143 1166 1167 1138 1143 1165 1160 1073 1041 1056 1099 1121 1120 1091 1081 1035 1029 1056
-9999 -9999 -9999 -9999 -9999 -9999 632 631 630 630 630 629 629 629 628 628 627 627 627 626 626 625 625 625 624 624 623 623 622 622 622 622 620 621 622 620 621 622 619 620 618 618 619 618 618 618 620 617 618 619 620 619 620 620 619 618 619 619 620 619 999 1090 1086 1071 1100 1140 1132 1102 1177 1169 1137 1066 1028 1101 1049 1085 1100 1073 1033 1030 1068 1090
-9999 -9999 -9999 -9999 -9999 -9999 632 631 630 630 630 629 629 629 629 628 628 627 627 626 626 625 625 625 624 625 623 623 623 622 623 623 622 621 622 620 621 621 620 617 620 620 617 618 618 620 618 619 618 621 622 619 621 621 619 619 619 619 621 1014 1057 1019 1002 1023 1111 1114 1081 1153 1148 1131 1099 1051 1002 1036 1032 1099 1086 1034 1055 1065 1096 1122
-9999 -9999 -9999 -9999 -9999 -9999 -9999 632 632 631 631 631 630 630 630 629 629 628 628 627 626 626 626 625 624 625 623 623 623 622 623 623 622 623 621 620 621 623 620 619 619 618 616 617 620 618 618 620 617 620 620 618 622 619 621 618 621 621 903 962 950 954 960 971 1028 1059 1114 1170 1121 1088 1029 1010 1058 1072 1007 1073 1046 1078 1106 1076 1113 1132
